0.9998499795423698 -0.004532549360338438 -0.01671748801166669 -0.8911621952752622 0.00479549602954272 0.999864895002823 0.015722434888568428 0.01265194146576043 0.016643966683298893 -0.01580024484907524 0.9997366306361667 0.21980434979755126
0.999996357225314 -0.00038936002376017964 0.0026709426939084333 -0.9458857539249435 0.0004251336029122421 0.9999100431673039 -0.013406149133147777 0.02983375034107638 -0.0026654826058183576 0.013407235805057649 0.9999065662503398 0.14135832222312783
0.9999876888641139 0.00491062445590609 -0.0007126623758068606 -0.8649360075053831 -0.004908950271471938 0.999985231335536 0.0023322345609715295 -0.05793690121933892 0.0007241045788074219 -0.002328707424351771 0.999997026392725 0.030461794863240854
0.9999867415302254 0.0022411169175221785 0.004636179324077311 -0.9049602953560818 -0.002222027316096845 0.9999890498457972 -0.004118589941571377 0.004955286181830942 -0.004645358798793159 0.004108233618270693 0.9999807713442138 -0.06163485154492265
0.9999573467588864 -0.00010404710963460599 -0.009235466264675883 -0.9015367360435975 0.00010521346014631238 0.9999999865516639 0.00012580460829864776 -0.005024238109305523 0.009235453050868349 -0.00012677093768612147 0.9999573442582805 -0.05590315099292775
0.9999980589612135 -0.0019176977796843504 0.00045222674839651145 -0.936190748894802 0.0019169498340818884 0.9999968037203033 0.0016485910683975234 0.03232464947893021 -0.0004553868023847926 -0.0016477209724279993 0.999998538818161 -0.01299108172092689
0.999998150082904 -0.0016317305353949641 -0.0010184724982496077 -1.0180170364950953 0.0016336804622317145 0.9999968287202243 0.0019166735875277702 0.02106992181084255 0.0010153417735692255 -0.0019183339004622303 0.9999976445352908 0.003984522759605369
0.999977117948996 0.0031885095012822496 0.005966320941807858 -0.9715062787064905 -0.0031850135527362712 0.9999947506056265 -0.000595356917478855 -0.04768453331003819 -0.005968187923424274 0.0005763404814318612 0.9999820241207139 0.08023640530204501
0.9999536137334283 -0.0027710960941475377 -0.009224500414422854 -1.001160353897026 0.002863203787650032 0.9999460301948428 0.00998692954041136 -0.021249981569293253 0.009196327828490836 -0.01001287790856123 0.9999075806445611 0.11500814156543493
0.9999902576240756 -0.004305082040046898 -0.0009751541230876154 -1.0002913521783299 0.004306562840833361 0.9999895691394902 0.0015215547034601595 -0.005569523084751893 0.0009685935335641688 -0.0015257394424127435 0.9999983669715272 0.01932626090963896
0.9999976810855956 0.0013734993971635592 -0.0016587111977493067 -1.00044219668281 -0.0013676147128302476 0.9999927859432244 0.0035436833247250027 -0.0037252195681700684 0.0016635664786228237 -0.0035414066293883717 0.9999923454635327 0.01603457663859964
0.9999721953917609 0.0018861564560633814 0.007214628001931511 -1.04302076040252 -0.0018294080350864106 0.9999674027078396 -0.007864272883078671 0.039974010922422476 -0.007229226073665329 0.007850855721615202 0.9999430495557311 -0.1009258691300623
0.9999927186415094 0.0037597353915444875 -0.0006534934962647357 -1.0119808846055847 -0.0037608963072209055 0.9999913357151374 -0.0017844196880773058 -0.0023460208116206638 0.0006467788883563266 0.0017868644163547207 0.9999981943946836 -0.015767239778142317
0.9999787921580502 0.004143236908492212 0.005024820598580532 -1.002898846123509 -0.004120538734793643 0.999981298902828 -0.0045191819114799164 0.014181910486874116 -0.005043450670214028 0.0044983811014724095 0.9999771638256565 -0.021263196178992638
0.9999873552528288 0.00375124241017107 -0.0033492558625924486 -1.0476151944751866 -0.0037512451523672745 0.9999929640402276 5.46323135082257e-06 0.025895598983369794 0.0033492527912680706 7.100717548944194e-06 0.9999943912119308 -0.04445554750137504
0.9999892901874947 -0.0033760336127509616 -0.00316573962218282 -1.1833175606014308 0.0033664976655768397 0.9999897949945533 -0.0030127396533178447 0.011527349030070688 0.0031758784261287504 0.0030020499323931277 0.9999904507006182 0.007486313078696627
0.9999866459319414 0.004344798908296921 -0.0027983352610750443 -1.1271138773320644 -0.004338393670191532 0.9999879648416798 0.0022909631509552275 0.01949076838970676 0.0028082553568643687 -0.0022787922772936064 0.9999934603824211 -0.04525137171323068
0.9999939978177013 -0.002264408927401656 0.002622361679979132 -0.7930212352541863 0.002274925894214903 0.9999893542745073 -0.004014480019858088 0.006058994179243271 -0.0026132433386407 0.004020421602706943 0.9999885035186105 0.016188472864419046
0.9999747932819465 0.002749683194731412 0.0065461471918614456 -0.5782948262010805 -0.0027049083271161204 0.9999729558418337 -0.006838936751283543 -0.04804800911026419 -0.006564775066276271 0.006821057636083289 0.9999551874464455 -0.10502761908594915
0.9999993590955313 0.0005369138840933944 -0.0009967607582926225 -0.6237676531957783 -0.0005419963150556772 0.9999868189505747 -0.0051056992768404585 0.024443281713624643 0.0009940062991100462 0.005106236245232765 0.9999864690598997 -0.08324709925687879
0.9999596541166739 -0.0018444193789138308 -0.008791373955021498 -0.729419350175533 0.0019266263352019364 0.9999544169260547 0.009351587086619928 -0.025255008525605582 0.008773724968726082 -0.009368147481162659 0.9999176263887664 0.14586629149159713
0.9999996233688035 0.0004903615952730478 0.0007161059671168327 -0.9071473558628416 -0.00048715884040730073 0.999989909575212 -0.004465806088868179 0.027576993343064515 -0.0007182886011013467 0.00446545554955366 0.9999897718318026 -0.07066497129703264
0.9999952999658599 0.0018680718943542632 0.0024311218785572353 -1.0396708454680255 -0.001856163016939548 0.9999863134446045 -0.0048915828036159015 0.00921363120255414 -0.0024402264332273604 0.0048870472544891574 0.9999850809207544 -0.06210808920529609
0.9999960242986802 0.0013235198813811404 0.0024899160543243176 -1.1691897190632687 -0.0013432486293543516 0.9999675870802798 0.007938543440930257 -0.018958632467789727 -0.0024793285288018385 -0.007941856455979723 0.99996538932409 0.10975578181897294
0.9999956756608378 -0.0029096531066563 -0.00042729196633695815 -1.139059153643366 0.002909561226594336 0.9999957439990225 -0.00021549318020051486 -0.06552231622642424 0.0004279171581831817 0.00021424901619723075 0.9999998854921266 0.07451463840878558
0.999991846585664 0.0020780180617463308 -0.0034624562278886355 -1.2190207575532348 -0.0021036282574527568 0.9999703374152058 -0.0074093884953450595 0.015135385817073299 0.003446956679367367 0.007416611804291831 0.9999665556202347 -0.04773460406963048
0.999990092497813 0.0004052276299939617 -0.004432910644604923 -1.2425020372469149 -0.0003562610964347242 0.9999389789278665 0.011041354025938963 0.0673597219510178 0.0044371144053686196 -0.011039665360093171 0.9999292163970858 0.02439266343811175
0.9999960030500912 0.0028233718880994805 -0.00014985000389381234 -1.135350069801632 -0.002822892882065706 0.9999911922440716 0.003105915333110977 0.009072360920484357 0.00015861783808985772 -0.0031054799084136026 0.9999951654057737 0.02001059556717688
0.9999996766878267 0.0007824612392484274 -0.00018541480492936802 -1.046330436670484 -0.0007819906434133191 0.9999965071988419 0.002524694189287597 -0.02258561047272245 0.000187389632656354 -0.0025245483803806243 0.9999967957651663 -0.024383710847561968
0.9999848231254119 -0.004758200830976961 0.002777236700570701 -0.8314394801178295 0.004758135789060358 0.999988679557036 3.002646681495068e-05 -0.017752009278655834 -0.0027773481329803826 -1.6811541767352157e-05 0.999996143019922 0.005632919902011757
0.9999967650900412 -0.00022542485106758804 -0.002533573186399851 -0.64554324616706 0.00023363190059557531 0.999994725549317 0.0032394891081818505 0.0016657729191686954 0.002532829561843336 -0.003240070552245164 0.999991543322856 0.05584977297061844
0.9999990884665001 0.0013488495039051776 6.059029412142092e-05 -0.42814333880322764 -0.0013488029968894808 0.9999988006836364 -0.0007611581726742356 -0.025328918352901297 -6.16169092779173e-05 0.0007610757544827228 0.9999997084834832 -0.015927307136791802
0.9999972809765075 0.0009193881788146663 0.002143073719897755 -0.6275873179451001 -0.0009159914597472472 0.9999983237026713 -0.0015854183969830097 -0.017390252648649573 -0.0021445277424016647 0.0015834510489681074 0.9999964468354567 0.009100629082266387
0.9999811092740026 -0.00013897200814135067 0.006145061587704087 -0.7415660564301021 0.00017681140386363418 0.9999810263090609 -0.0061575774136577305 0.014818890458820455 -0.006144089262306168 0.006158547609516174 0.9999621605133255 -0.08345290766589741
0.999992456711511 -0.0020244150624199554 0.0033148550090143503 -0.9282591831081728 0.0020381767293398104 0.9999892974446578 -0.004153412062236836 -0.011083808993300082 -0.0033064113016559593 0.0041601369921919415 0.9999858803525726 -0.05481255849446676
0.999997833399357 0.0014040368888145914 0.0015368399418550782 -1.009729660512594 -0.0014031857447656263 0.9999988616518084 -0.0005547655847919393 -0.0229859352974211 -0.0015376171037418673 0.0005526079109381132 0.9999986651781788 0.007572839625850758
0.9999972531675777 -0.0022988346708743054 -0.00045718317596306346 -1.0941008211624599 0.0022984350871722596 0.9999969778558562 -0.0008726255238640027 0.03791815412160737 0.0004591878160985219 0.0008715723210549892 0.9999995147540017 -0.023456025670383962
0.9999994501628462 0.0004932246415821803 -0.0009254206926428629 -1.138057707802016 -0.0004915320739892827 0.9999982078417036 0.0018283078520732517 -0.023049360496909976 0.0009263208006274753 -0.0018278519728493203 0.9999979004412664 -0.02947565198651869
0.9991321871438021 -0.04165159464291255 0.00013144179122258912 -0.37250347021458396 0.0416515709713182 0.99913218092697 0.00017796555237133702 0.03051003095473681 -0.0001387402725769463 -0.000172336354481324 0.9999999755256586 -0.00384972355745572
0.998143632031701 -0.060900486519035485 -0.0006485185497832058 -0.34874084280629347 0.06090096482381066 0.9981435353140639 0.000745247791462067 0.11351104608676854 0.0006019286449200911 -0.0007833597427214789 0.999999512014591 0.023844652041951964
0.9995646975331868 -0.02948953014723091 -0.0008849051285223924 -0.45302535257185284 0.0294916575081234 0.9995619103709262 0.002495891233409246 -0.006193928925428693 0.0008109148009910368 -0.0025209020847760093 0.9999964937287859 0.009572638805528833
0.998651302048928 -0.05190455265594608 0.0012224277348041948 0.14195537984728546 0.05191066374263886 0.9986357291299962 -0.005653626694424707 0.6269925647050583 -0.0009273110477970824 0.005709458694776903 0.9999832709478863 -0.018691775493629326
0.9995455203236766 -0.028660173229505495 0.009345976210487383 -0.46962762060625174 0.028699586558049967 0.9995796298794697 -0.004110627862101184 -0.024943215151313147 -0.009224236134731442 0.004376985318503269 0.9999478763751903 0.13731889165099576
0.9999936040136451 -0.0032099323429750602 0.001577423898024486 -0.5430521733924909 0.0032042987743510967 0.9999885257514356 0.003561015983568755 0.022568625458229796 -0.0015888364186501039 -0.003555938669896043 0.9999924154207427 0.016566632719052343
0.9999993533667783 -0.0010974328027537872 0.00029817321990218424 -0.6795892016943545 0.0010962915861360207 0.9999921754680532 0.00380094033481973 -0.0009168158850494379 -0.00030234216344104036 -0.003800610992213245 0.9999927319462387 0.08613196781728183
0.9999998545039281 0.0002846230415394467 0.0004582377627429801 -0.7425409824983458 -0.00028257373864804675 0.9999899874056054 -0.004466009473792554 0.047062399323401394 -0.0004595043037940866 0.004465879338047873 0.999989922337987 -0.042225096121015215
1.0 0.0 0.0 -0.6215133666992188 0.0 1.0 0.0 -0.04964923858642578 0.0 0.0 1.0 -0.006870150566101074
0.9999928820197813 0.0015640841265302519 0.003433591504126088 -0.33510079690925565 -0.0015541476013276045 0.9999946027143194 -0.0028946791643251757 0.01339691168111834 -0.0034381004937843462 0.002889322252056181 0.999989915590112 -0.03540147030298901
0.9999966041580446 -0.0026060101784913317 1.9578774006989708e-05 -0.313333883125968 0.00260602703313461 0.9999961840650365 -0.000916776127566854 -0.0062937092233710246 -1.7189571375864077e-05 0.0009168240371543179 0.9999995795690128 -0.008747265523048942
0.9999993353187062 0.0003477954744036671 0.0010992726929610524 -0.4439853244627545 -0.0003489343684322521 0.9999994024521591 0.0010360212985803911 -0.010243675170332978 -0.0010989117125740151 -0.0010364041839792879 0.9999988591290571 -0.020831408865909617
0.9999962729495298 0.0022487826572993794 0.0015482453324581341 -0.528069523568274 -0.00224411470701431 0.9999929514233343 -0.003010158273361041 -0.0067517348461919036 -0.0015550036112530335 0.003006672614228545 0.999994270925369 -0.04522278962558368
0.9999970209679606 0.001968493216794381 -0.0014432912588784458 -0.5510418574683467 -0.001967583608882311 0.9999978649841232 0.0006313809753133587 0.008464302004473012 0.0014445310465957956 -0.0006285392981853488 0.9999987591334328 0.007105330837674062
0.9999978061652639 0.0014329424101317996 0.00152785493699098 -0.547157405586558 -0.0014364946681338815 0.9999962620730659 0.0023264399766068367 -0.0007109593069980491 -0.0015245155714735947 -0.0023286296282528374 0.9999961266606621 -0.01014572974698802
0.9999998293000422 0.0005437024814939628 -0.00021398013598593335 -0.4623832763577944 -0.0005432539852867346 0.9999976673864195 0.002090477655423695 -0.016517741792029028 0.0002151162347416996 -0.0020903610530175754 0.9999977920553991 0.02790867933671559
0.9999967799815896 0.0010083949641345735 0.002328769213559066 -0.00479615715546533 -0.001024302696067736 0.9999760829914403 0.006839901248082748 0.0035735067633506645 -0.0023218161943920563 -0.006842264588058781 0.999973895951723 0.019701204945588913
0.9999991546222555 0.001293841376531312 -0.00012934167046708273 -0.001274552329197931 -0.0012940149400205098 0.9999982502350163 -0.0013509449437472997 -0.015345431492264971 0.00012759353568391266 0.0013511111717424578 0.9999990791088225 -0.00597558113031238
0.9999998189385716 -0.0005633875022715285 -0.000211464764260115 -0.02037732532061831 0.0005632845844215084 0.9999997230458247 -0.0004864347343693509 0.0036682474806379872 0.00021173875694412841 0.00048631553145306317 0.9999998593319421 -0.0007813006297197056
0.9999989657639228 -0.0006749729932321244 -0.0012699931275911985 0.00038414951173670886 0.0006731748748718298 0.9999987712514364 -0.001415744046949996 0.0067763180305409065 0.0012709471560860136 0.001414887655271757 0.9999981913914896 -0.007353499321750778
0.9999971037728335 -0.002401467919107114 -0.0001593668081544264 -0.013783906162752935 0.0024018946041601263 0.9999933794437716 0.0027334906139245274 -0.021009833266186995 0.00015280136304079983 -0.00273386547939114 0.9999962513086158 0.005668944884507088
0.9999906609287211 -0.0027791569746675945 0.0033097344078055636 -0.001704442828784597 0.0027696956181573022 0.9999920751164402 0.0028598060247238682 -0.005657709378129372 -0.0033176560284057643 -0.002850612359905018 0.999990433538067 0.00567383725304893
0.9999894460952522 -0.004594108662614338 -4.317067486993807e-05 0.024613630419010768 0.004594173637708254 0.9999880857560269 0.0016498225913744828 -0.014574309543537112 3.55906962651812e-05 -0.001650003512880402 0.9999986381099277 0.005807002966555785
0.9999478254790214 -0.01020595311883804 -0.0004299310571345971 0.018365852691994533 0.010206119463953337 0.9999478415073201 0.00038651046553853097 -0.011944942014476823 0.00042596392488761237 -0.00039087822727051913 0.9999998328844597 0.0011381497377089822
0.9999947857011797 -0.003227804780228975 9.923080413305654e-05 0.017810314877037214 0.0032279161228087614 0.9999941368581833 -0.0011431564900878655 -0.01939854450262768 -9.554033634552269e-05 0.0011434708380408387 0.999999341673027 -0.009299978118013641
0.9999957500810397 -0.002904124118477103 -0.00025667676929580496 0.037068473382685596 0.002904139375041084 0.999995781232762 5.9086105746675166e-05 0.023727548357750372 0.00025650409305149474 -5.983127974795721e-05 0.9999999653129338 0.004914798657841057
0.9999999875244739 2.2720478118036427e-05 -0.00015631644690572433 0.025331655673303644 -2.2524365543587915e-05 0.9999992128930781 0.0012544743425892055 0.014934274263096015 0.00015634482612479628 -0.001254470806010169 0.999999200929327 0.0191951995283417
0.9999963982311673 -0.002306054032084404 -0.001373185892121364 0.012697440859663622 0.002312637195953258 0.999985748330225 0.00481194821671474 -0.01810246904489432 0.0013620697093421094 -0.004815106565960819 0.9999874796790539 0.049795904209871455
0.9999996805721203 -0.0007954327695894857 7.837325489263441e-05 -0.0054552475321517635 0.0007954393610324847 0.999999680100986 -8.410796280634847e-05 0.00016690470151914383 -7.830632759129458e-05 8.417027711173086e-05 0.9999999933917422 -0.0007179742717666748
0.9999997538591906 0.00015973116900905825 0.0006832038590388334 0.01877886859822908 -0.00016075916287203347 0.9999988547514068 0.0015048761966097307 0.008202205801637774 -0.0006829627009666273 -0.0015049856574787038 0.9999986342891273 -0.000657262737513431
0.9999996507014999 -0.0008275422205261378 0.00011734884767349366 -0.010619499282904954 0.0008275763925611793 0.9999996150865995 -0.0002914514855383004 0.020714576195397072 -0.00011710761409484266 0.000291548498870765 0.9999999506426388 -0.006283037351783927
0.99999801065956 -0.0017965121746063581 -0.00086673002050211 -0.49613635308838244 0.0017965064928731275 0.9999983862540153 -7.333866127699068e-06 -0.009341673505907977 0.0008667417971998104 5.7767654287423954e-06 0.9999996243625724 0.012328141508723967
0.9998021117893411 -0.019815061847327942 -0.0017608479663484 -0.4808637482620952 0.019820755107238165 0.999798179565219 0.003276859022524739 -0.005510796583660493 0.0016955614270499283 -0.0033111119070782097 0.9999930807807553 0.028331402743628775
0.9987702372055802 -0.04903380793065247 0.007327956886409637 -0.32469583056421136 0.048991383509022324 0.9987820046755829 0.00586101340175052 0.11654450647760228 -0.007606419274604426 -0.005494798999371886 0.999955973815736 -0.08491518108913332
0.9983770794894677 -0.056942962678700325 0.0008403281823753141 -0.38149951473099364 0.056942446622876515 0.9983772664510207 0.0006257846187687315 0.018580089658586818 -0.000874598583833059 -0.0005769186774051468 0.9999994511209283 -0.020088625902128232
0.9994527404047492 -0.03307601331643017 -0.00044389247582345137 -0.45342197426940345 0.03307625012853412 0.9994526867741149 0.0005371940418571197 -0.004406489753838505 0.0004258812903185777 -0.0005515823558236432 0.9999997571909867 0.01447460967523595
0.9999942316781273 -0.0032979094454005813 0.0008126523001628153 -0.5087022172306543 0.0032991589085988905 0.9999933704143525 -0.0015409989742008329 -0.004396474019825902 -0.000807564837542428 0.00154367115429839 0.9999984824580483 -0.00135120971787428
0.9999920755726871 0.003456590875692065 0.001975037049600614 -1.0720243018104831 -0.0034551237587213176 0.9999937529614945 -0.0007457598792802291 -0.01490591469261382 -0.0019776024982623014 0.0007389299721258472 0.9999977715329446 -0.06245340701769164
0.9999912539334566 0.0017121531458209813 0.0038158338798389146 -0.4850527035334693 -0.0017020345604834425 0.9999950312398103 -0.002653408005868829 -0.010333176253817022 -0.003820357960739984 0.002646890117845385 0.999989199360551 -0.02792105290699376
0.9991955585813812 -0.04009108190722638 -0.000969980797949882 -0.4391159632628394 0.040093119264531914 0.9991935672945369 0.0021810238093283984 -0.00187887439992096 0.0008817589695294115 -0.0022181588592576984 0.9999971511321392 0.01215487426739914
0.9998487814949 -0.013200263396069173 0.011321094886828253 -0.18306668321823594 0.01316145334890368 0.9999072734636322 0.0034958003760001827 0.04791750782215942 -0.011366190606654766 -0.0033462696840816943 0.9999298036313823 0.04476631373464668
0.9994380474603137 -0.03348306990400995 0.001572678771892183 -0.37587762918039813 0.03348375828598903 0.9994391762397092 -0.00041343480472645633 -0.029785703603064206 -0.001557953709802079 0.00046586166984751223 0.9999986778756972 -0.028754767422368044
0.9999147210728783 -0.01295731752655083 0.0016304920315654524 -0.5349533275663703 0.012957152404719046 0.9999160463277034 0.00011179416667923825 0.029833872065327505 -0.0016318036982870265 -9.065809924497722e-05 0.9999986644980078 -0.0001028395844429042
0.9999836242654875 -0.0019773159289159115 -0.005370421080146619 -0.8840010000546066 0.00198251624382856 0.9999975709591457 0.0009631745178282306 0.04236285589973654 0.005368503534858009 -0.0009738056921656437 0.9999851153253583 0.1188863507398712
0.9999983385049893 0.00023690340451805632 -0.0018074468283291734 -0.9500192285540763 -0.00024046445247945594 0.9999980301516034 -0.0019702461166668447 0.0015486062035705572 0.0018069765099201218 0.001970677469824683 0.999996425626713 0.008881863755697106
0.9999956699754322 -0.0023696659707125294 -0.0017449107637342587 -0.9511757411241435 0.0023694924137353857 0.9999971875952086 -0.00010152523628564891 0.017089434582249652 0.0017451464372364531 9.73902438615587e-05 0.9999984724883597 -0.014971444087283126
0.9999977465141904 0.0014520404994368325 -0.0015487236448795752 -1.061994510210909 -0.0014567701889650969 0.9999942657068701 -0.003057183997496396 -0.00518558670867364 0.0015442756090655596 0.003059433242612479 0.999994127523296 -0.05217888340847643
0.9999997539852639 0.0007001489149289673 -4.2672109467276065e-05 -0.9674873362869238 -0.0007001144223114976 0.9999994324812811 0.0008030422851333166 0.010126718257346595 4.3234334434653215e-05 -0.0008030122122138217 0.9999996766510374 -0.023114261193496244
0.9999379394373636 -0.0007800737238169322 -0.011113449453007272 -0.9646306561957605 0.0008805476411543361 0.9999587621723435 0.009038727266954509 -0.04710772704701327 0.011105940284856366 -0.009047952240155732 0.9998973910610273 0.00941140352438774
0.9999816292904287 -0.003600109327200975 0.004876504331205657 -1.0821985645841288 0.0036007114909046138 0.9999935108382751 -0.00011470876108547116 0.08804249090889193 -0.004876059722699715 0.00013226553898494382 0.999988103202937 -0.07800352711893344
0.9999991460918681 0.0012834547747286873 0.00024608814685210534 -1.0480700357213062 -0.0012817902366916156 0.9999770744912835 -0.006648872509212367 0.021065682513775386 -0.000254616032324656 0.006648551398301894 0.9999778657225266 -0.12149311084805037
0.9999964439605077 -0.0023158407355404337 -0.0013224779876599702 -1.0343701269010355 0.002324297431177638 0.9999766308814905 0.006429255972145553 -0.007922114436688332 0.0013075579496355932 -0.006432306941646759 0.9999784576277719 0.1208151410053877
0.999988348748933 0.004668610325267188 -0.001227372809262335 -1.090742634017075 -0.00467071318817538 0.9999876197163221 -0.0017160572244219185 0.015423512656887794 0.001219346011562112 0.0017217699365749684 0.9999977743493181 -0.014681744311997758
0.9999979432307553 -0.00010393836042733081 -0.0020255199520330383 -1.0965084034002768 0.0001072637117016088 0.9999986466769765 0.0016416877632062926 0.022340112108583554 0.002025346576515789 -0.0016419016514215984 0.9999966010593296 0.040167957559308354
0.9999987502822215 -0.00016136643827460782 -0.0015727030450864155 -1.0845518072366147 0.00015872184738922575 0.9999985736185675 -0.001681537453273721 0.009708368489150132 0.0015729721455216283 0.0016812857294937374 0.9999973495149509 -0.02025266315389007
0.9999986804648106 0.0010021448756486325 0.0012785829209371394 -1.0902051442490013 -0.0010040113711519008 0.9999984301647197 0.0014600100212441777 0.0036733369015360395 -0.0012771177722113378 -0.0014612918065011263 0.9999981167964532 -0.023809755221383844
0.9999980428827109 -0.0017936815209208385 -0.0008348277371257927 -1.0708208382420983 0.001792764924018995 0.9999977908470975 -0.0010974036866791548 0.015623977800661493 0.0008367942855774138 0.0010959048890466505 0.9999990493834469 -0.011816363001188157
0.9999979382981511 0.0007451093002739549 0.0018889710368045626 -0.9686572530300475 -0.0007444768493037515 0.9999996665991225 -0.0003354934657498129 0.017144878932123575 -0.001889220386321458 0.0003340864788564171 0.9999981596145854 0.026849352614946254
0.9999989707322793 0.0012381870692903278 -0.0007248635482920429 -0.9288819108477835 -0.0012397166343912332 0.9999969980855161 -0.0021135095511825783 0.004540849087473653 0.0007222444521166327 0.0021144060012138477 0.9999975038219914 -0.007875549080209598
0.9999961268129682 -0.001332872347680549 0.00244331953846591 -0.837628420794772 0.0013383725785271845 0.9999965711447925 -0.002250879272633073 0.010569570755967206 -0.002440311025936545 0.002254140626427578 0.9999944818508414 -0.06961461986751871
0.9999984787968106 -0.0012579265605999678 0.0012083148734549146 -0.825306259517447 0.001261662048118633 0.9999944123666609 -0.0030957138650754418 0.04460318920232842 -0.001204413941139515 0.0030972336408836287 0.9999944782501718 -0.08451457637420923
0.9999989661206993 0.00016423249049416378 0.0014285605419187206 -0.7426849308003973 -0.00016396218178400812 0.9999999686347851 -0.0001893325961009884 -0.0005274569535842488 -0.001428591591675396 0.00018909817045065225 0.9999989616834339 -0.009181158270765044
0.999999830070006 -8.35266717204991e-07 0.0005829744953538274 -0.5693620420540704 6.223367609884886e-07 0.9999999332969179 0.00036524755019366056 -0.006834058967051249 -0.0005829747615467284 -0.00036524712532067655 0.9999997633674547 -0.0005177913900880071
0.9999980181716154 -0.0011359341215886544 -0.0016350249275987458 -0.5062982884542642 0.0011402373225606968 0.9999958826139222 0.0026333655369800467 -0.015396132368476145 0.0016320268658017957 -0.002635224634547243 0.9999951960281779 0.05452734005824533
0.9999982626018635 0.001417120962543139 0.0012110166936830395 -0.48342786227735757 -0.0014147568644718987 0.9999970964330883 -0.0019507917387801554 -0.009755657343152535 -0.0012137776852816353 0.0019490750552978442 0.9999973639216058 -0.04521732013275814
0.9999773456540679 0.0023615298493610583 0.006303281321382165 -0.5611868577259029 -0.0023304739081604717 0.9999851330966533 -0.004929754256888408 0.02649014722020482 -0.006314829372935593 0.00491495294387484 0.9999679825712179 -0.07592681613413887
0.9999994287878927 -0.00011935951270484677 -0.0010621568599858133 -0.5155575757976871 0.00012349226732513707 0.9999924197072719 0.0038916934173984646 0.01634059191226278 0.001061684297895965 -0.0038918223625749176 0.9999918632394718 0.04020093204530939
0.999998997238886 -0.0008711073998550923 -0.001116554128210854 -0.31183684575296766 0.000869011702444276 0.9999978626326833 -0.0018760460353664798 0.02255491803268228 0.0011181859793084337 0.0018750738555366464 0.9999976168762367 -0.051914708663388265
0.999999921881093 0.0003830573493145348 9.749295562817839e-05 -0.340624727706917 -0.00038311934455193333 0.9999997239339855 0.0006366722242868439 -0.021263945668858808 -9.724904673900914e-05 -0.0006367095259879607 0.9999997925717802 0.01008234141998443
0.999996147850449 0.002525471423996467 0.0011516415894547577 -0.5336332112070457 -0.002527547689730913 0.9999951767315947 0.0018049975686913852 -0.012503546375635555 -0.0011470775649981835 -0.001807901444609595 0.9999977078500868 -0.03918353005666386
0.99999976132942 -0.0006907984909524255 1.1770622393415808e-05 -0.5516493755044074 0.0006908054881652748 0.9999995782552482 -0.0006052083140390485 0.045340943976368564 -1.1352540439227288e-05 0.0006052163008041745 0.999999816792158 -0.02038031946440666
0.9999978799891118 -0.0016701943676123336 0.0012043537918678127 -0.31684838100972357 0.001671726631723357 0.9999977931764129 -0.0012723884521700368 -0.009323950162627881 -0.0012022259980452032 0.0012743991050005177 0.9999984652786079 -0.04520135222869581
0.9999970674505216 -0.0017398198404766957 -0.0016846712675969502 0.050484176127650215 0.001738218452457674 0.9999980365611226 -0.0009515621426317358 0.004328176500413505 0.0016863235065431165 0.0009486310254449917 0.9999981282043526 0.01978411575194461
0.9999936752131516 -0.0035563694513547238 -4.207160745532679e-05 0.02791950103712182 0.003556381780177892 0.999993632041175 0.0002966913115151071 0.014367266784667265 4.101619562834127e-05 -0.0002968390577039806 0.9999999551021227 0.003992695028132598
0.999997788977973 -0.0011217315458331434 -0.0017786954503095642 0.01683982994497768 0.0011272193493255395 0.9999945989574129 0.003087301822334465 -0.00555713343413089 0.0017752227196539128 -0.0030892999761701623 0.9999936523848305 0.034813799094523645
0.9999957050283661 0.0023176657334949835 -0.0017939761338355842 -0.009185941646998597 -0.0023150996267734536 0.9999962960416534 0.00143115921257575 0.0017198106712790207 0.0017972864376889497 -0.001426999832309872 0.9999973667130022 0.03284604020852133
0.9999936218102162 -0.0026382508359107937 -0.0024074823810018853 0.04364782173481618 0.002645078875831111 0.9999924762981762 0.002837411634600495 0.010303345558341004 0.0023999784642056154 -0.002843761517840604 0.9999930765379341 0.00537547912194869
0.9999960310835209 -0.00029016565364345815 0.002802431283571702 -0.003931129514589848 0.00029229811409081045 0.9999996680606522 -0.0007605526923925993 0.0007904510662868347 -0.002802209667065486 0.0007613688192016493 0.9999957839603634 0.006408186357073298
0.9999937643273504 -0.0006180512358354509 0.003476969813730411 -0.0047623099252007695 0.0006261144449681684 0.9999971164433984 -0.002318423082659421 -0.019011658531886688 -0.003475526883439749 0.0023205856067571307 0.9999912677595363 -0.004892724186893016
0.9999956752420891 -0.0019846719089027 0.0021703858027656286 -0.021537232996990063 0.0019863924590762284 0.9999977143812285 -0.0007908712396678397 0.0017354589371985085 -0.0021688112221582845 0.0007951790573331036 0.9999973319705162 -0.017196780459766803
0.9999986400059596 -0.0016256308101187666 0.00027804801655773037 0.031892703282226265 0.001625660725987542 0.9999986728453076 -0.00010740031166445174 0.0006645525529727081 -0.00027787305428939035 0.00010785217734110564 0.9999999555772351 -0.0007371826137900772
0.9999942599740124 -0.003136198444234073 -0.0012822941730279702 0.02929813781621382 0.0031372718541438083 0.9999947293439362 0.0008359483602848883 -0.025195650156296878 0.0012796657145494605 -0.0008399664673374163 0.9999988284553102 0.01138886051733179
0.9999983569770253 -0.00012773512635375197 -0.0018082386422684261 -0.0018845970766738773 0.00012829851936033786 0.9999999432668614 0.0003114574828456673 -0.0028883095553241533 0.0018081987556204451 -0.0003116889654543216 0.9999983166322076 0.015619466982625951
0.9999996964048697 -0.0006827047933985128 0.0003756385688588604 0.005766323526608552 0.0006831395810556265 0.9999990955355232 -0.0011585544653286983 0.004450476144815418 -0.00037484727842007626 0.0011588107271717496 0.9999992583233334 0.009426238115639585
0.9999665078044847 0.0007753071159861875 -0.00814752527947582 -0.017735293740865965 -0.0007443460168104492 0.999992493795814 0.0038024072686395627 0.014091166799740762 0.008150412155900736 -0.003796215339683273 0.9999595789484613 0.04604265987904821
0.9999997180134209 -1.1543948814486324e-05 -0.0007508926785196185 -0.00994710295410961 1.1357089550910124e-05 0.9999999689715292 -0.0002488532826140366 0.01597688588798185 0.000750895527970058 0.000248844684485397 0.9999996871160656 0.003437140399259908
0.99999124847784 -0.0009813559381033898 -0.004066928602075623 0.008839392695298987 0.0010019336996762718 0.9999866919523626 0.005060834618261005 -0.02342170851295089 0.004061907999091625 -0.005064865121075242 0.9999789238002534 0.02004320787949565
0.9999973398709072 0.0012249071513112386 0.001954444570766878 -0.02621445694959368 -0.0012226165199752392 0.9999985649015569 -0.001172776053886937 0.027890181095486355 -0.001955878307722203 0.0011703833979318234 0.9999974023679994 -0.015951193057178736
0.9999886607349255 -0.0012528687259159565 -0.004594422871893655 0.036786108889694136 0.001267327777825733 0.9999942497505123 0.003145527970596085 0.0251393162402076 0.004590455519195513 -0.003151314942349437 0.99998449834598 0.027131247261431124
0.9999988260573167 -0.0014796748113481781 0.00039805331417372414 0.0061342422320485035 0.0014798372631258088 0.9999988217546293 -0.0004081311400644244 -0.01231631042301018 -0.00039744894380158713 0.0004087197150689226 0.9999998374912524 -0.0037233473404611472
0.9999966212400795 0.0006314503106603711 -0.002521661938089198 -0.006142794756752945 -0.0006328095457225555 0.999999654912977 -0.0005382620230597324 -0.0007711374809424854 0.00252132118217456 0.0005398559361470268 0.9999966757420069 0.006037349887829002
0.9999996351941965 0.0007966657512504804 0.0003081154886641624 -1.567182051598337e-05 -0.0007973014032868764 0.999997542928595 0.0020684407763782997 -0.007185260954903683 -0.00030646687567720265 -0.002068685682710847 0.9999978133064095 0.040991650495323384
0.9999991306031968 0.0012308863819236828 -0.00047298157049188716 0.0034305839625847767 -0.0012310607983105504 0.9999991742946183 -0.00036864534884465186 0.00656720196435856 0.0004725274194087442 0.0003692272974153421 0.9999998201945047 0.0038147483794213066
0.9999842174118045 -0.004760360806468663 0.0029839390563910773 0.02618735047433729 0.004763531599081494 0.9999880963062995 -0.0010564148840608856 -0.004587387226255402 -0.0029788746204851 0.0010706122990846445 0.9999949900351006 -0.006288660769947274
0.9999931941584512 0.001093459282047543 -0.00352363215688567 0.0017790817557048477 -0.0010777267549287317 0.9999894570188604 0.004463670705472517 0.011696332686232935 0.003528475849463253 -0.004459842813787085 0.9999838296993884 0.011415128473591496
0.9999986515219318 -0.0016403081096024357 7.964687000588944e-05 -1.0502050554640903 0.0016406839320015003 0.9999862874386319 -0.004973237470392543 -0.011100918377252356 -7.148813608962024e-05 0.004973361439430758 0.9999876302062141 -0.08727670591865389
0.9999947515939722 0.00034148023447130074 -0.0032218280152567676 -1.1301768911328107 -0.0003170438164151544 0.9999712051433818 0.00758210836848105 -0.00499236187969565 0.003224324383324449 -0.0075810471138479905 0.9999660651526772 0.11281628058289606
0.9999989123887785 -0.0014748628086674216 9.781411594300682e-07 -1.2416526734928168 0.0014748401688277867 0.9999868230430833 0.004917172630527031 0.009093075974027087 -8.230283306903674e-06 -0.00491716583995308 0.9999879106331067 0.12580655088401937
0.9999936775241052 -0.003554731719529042 9.377749468363755e-05 -1.2002146413291719 0.0035545352607618333 0.9999916465507751 0.0020179464190604873 -0.053282739778081734 -0.00010094996946224954 -0.002017600325231371 0.999997959546934 0.051492306659785214
0.9999942810602649 0.0033026709304396595 0.0007281562259256052 -1.1956659675933903 -0.003304163206091486 0.9999924239517869 0.0020578008980734266 0.018978298597385646 -0.000721354470172221 -0.002060195076644067 0.9999976176191495 0.04894853334279814
0.9999970833785884 -0.0024152082243243398 -1.8842227791776578e-06 -1.193062150801719 0.0024151978358024624 0.99999454121718 -0.0022548514932302643 0.00840728151094261 7.330148364681488e-06 0.002254840365911337 0.9999974578173655 -0.07067227598460768
0.9999969988445521 0.002077208780962472 0.0012990402497697097 -1.1850877763055063 -0.002076619646641089 0.9999977404470285 -0.00045469954973230593 0.02907399045388459 -0.0012999818204168859 0.0004520005726038254 0.9999990528709259 -0.0577493682217286
0.9999946011671053 -0.0021417161118466688 -0.0024921253453929863 -1.1878433948150828 0.0021449258643621684 0.999996872745219 0.001285998762870194 -0.03194208284574884 0.0024893633076118332 -0.0012913372440881837 0.9999960677514913 0.007214197452197757
0.9999914235676034 0.004113332973327402 0.0004829938804023423 -1.2166899335153811 -0.004113539716625534 0.9999914478375294 0.0004278350165429108 0.01156155961098726 -0.0004812299218795099 -0.00042981816175474 0.9999997918370336 0.032077524834250415
0.999980226802554 -0.00046334904354960256 -0.006271468055894187 -1.184143996144968 0.0004649200049385064 0.9999998609147608 0.0002490378433072926 0.02935105847216768 0.00627135179217906 -0.00025194864999237426 0.9999803031403051 0.0018791360666012835
0.9999985974739697 -3.8947440146146206e-05 0.0016743754630821062 -1.1090362009568828 4.261685868551732e-05 0.9999975976763165 -0.002191534941538953 0.0188581435128512 -0.0016742860860143594 0.00219160322447666 0.9999961968134726 -0.0730539422695653
0.9999994231920445 -0.0006082911920062061 0.0008852103734309016 -1.0451224406895747 0.0006037447450136888 0.9999866733466006 0.005127243068437183 -0.023928418616907976 -0.0008883174333368868 -0.005126705669891395 0.999986463798942 0.07747150398731462
0.9999645886350417 0.0020293291296530703 -0.008167208778777912 -1.1052455564075423 -0.002049974839893168 0.9999947228283177 -0.0025203013059751575 0.009254420450975687 0.008162051158159336 0.0025369546311744193 0.9999634717238883 -0.0659269481758995
0.9999954710045236 -0.0009197131158960314 0.002865675875810221 -1.1092188150935005 0.0009228523237876513 0.9999989754015305 -0.0010943214690705416 0.013697004509374722 -0.0028646664778350043 0.0010969611085346331 0.9999952951700809 -0.030464771473151853
0.9999779743304666 -0.006538162527797185 -0.0011416149507660345 -1.0887875793044393 0.006536804568255075 0.9999779277339419 -0.0011892144330956644 0.007704248194539076 0.0011493650299810865 0.001181725726026206 0.9999986412412445 -0.02078681417535222
0.9999978198571223 -0.00029231159438583955 0.0020675673954499013 -1.1212812528322944 0.00030826013649138144 0.9999701716252706 -0.007717566677132529 0.03047092907577209 -0.0020652497890547017 0.0077181872003420395 0.9999680816554343 -0.14450032435350968
0.9999930896870781 0.00294825246677035 0.0022645938895776447 -1.048433305343003 -0.0029457235998922152 0.9999950350142688 -0.001119222625351874 0.057811599866541385 -0.002267882396767354 0.001112544023508604 0.9999968094725257 -0.013074443202103936
0.9999987738697157 0.0015312961527964648 -0.00032770590144471506 -0.9847219633903279 -0.0015317159930803763 0.9999980016213399 -0.0012847565699843806 0.009551743556103887 0.00032573790377136286 0.0012852569470757098 0.999999121004313 -0.02168153490761915
0.9999924799405784 -0.0030087924397210366 0.002446881759741594 -0.7189846086248162 0.002998121313169803 0.9999860305824798 0.004353149260761212 0.0109596871555524 -0.002459945300813428 -0.004345780476465416 0.9999875313528499 0.08047003440713674
0.9997288943679757 -0.022917292403632022 0.004115273341128774 -0.6008198646877769 0.02291619725498401 0.9997373404468765 0.00031308078469004805 0.013005098463436227 -0.004121367389160725 -0.00021868949108256024 0.9999914832166075 -0.0029177308541887825
0.999419399178108 -0.03407094804589509 0.0001872050330652686 -0.5713954065354017 0.03407145740018841 0.9994012072241142 -0.006030156682104909 -0.05154808427455926 1.8360218980703613e-05 0.006033033916488292 0.9999818009167291 -0.04124508316153541
0.9992715967915157 -0.03809895773927613 -0.002178362897775954 -0.5415493049082905 0.03810157616699962 0.9992731823700178 0.0011734094287837865 -0.02609215181436575 0.002132073948979518 -0.0012555537734600802 0.9999969389180136 0.05771588079214607
0.9993562409113838 -0.035848260838446964 -0.0014163143458933158 -0.5391322132552538 0.03584455686390691 0.9993541001368328 -0.002559352052998634 -0.02908088723335034 0.0015071478686244782 0.0025069372867449896 0.9999957218762199 0.030436702878493982
0.9998028802386775 -0.019854103086931408 0.0001235194673294038 -0.5191269381641135 0.01985409189560265 0.9998028839332544 9.117975999420975e-05 -0.024172849212281022 -0.0001253054120122039 -8.870941980642874e-05 0.9999999882145965 -0.015342462368181486
0.9999853701327306 -0.004654692397966224 -0.002755605048947965 -0.540085458462741 0.00465947838120364 0.9999876429913825 0.0017329529001983146 -0.028753277762151974 0.0027475046352220672 -0.0017457672294802773 0.9999947017434944 0.03399130230973402
0.9999997963503706 -0.00026641646151943574 -0.0005799323115411315 -0.9443744199019726 0.00026621591380639187 0.9999999047542754 -0.00034586200592635896 0.020185375171056563 0.000580024399637169 0.0003457075482812544 0.9999997720289667 0.07312446250034199
