0.9999962455456131 0.0008544564267690365 -0.00260361266304938 0.05048831302205393 -0.0008537938518395203 0.9999996028564213 0.0002555837613982896 0.0012400233613705314 0.002603830014230183 -0.0002533598533363728 0.9999965779331713 -0.027363478446453895
0.9999959985028313 0.000941298634239709 0.0026677584604032412 0.003410016630393445 -0.0009380860690597219 0.9999988337256173 -0.001205214476383702 -0.013323399902462077 -0.0026688898158033817 0.0012027070666739568 0.9999957152522523 -0.036428516730545604
0.9999953900866093 0.003036111248537711 4.2825405635452525e-05 -0.006757996161360854 -0.003036105628712129 0.999995382481146 -0.00013068664139018405 -0.0006164965336549347 -4.322198707035354e-05 0.00013055601648057284 0.9999999905434942 -0.006693937703295834
0.999984998123116 -0.0007743518380334726 0.005422537040249181 -0.08782424908255662 0.0007754926906162544 0.9999996776128229 -0.00020829150069124686 -0.004016423194372036 -0.005422374001187251 0.0002124935137666782 0.9999852762449594 -0.09359297055224562
0.9999990451295058 0.0010058570215446248 -0.000947624259613133 0.039082006275361125 -0.0010061181545163134 0.9999994560148547 -0.00027512954422974687 0.004127235979024674 0.0009473470031354013 0.0002760827034877062 0.9999995131558824 -0.002888430713889641
0.999997481082851 0.000755736789115881 -0.0021134544859391837 0.036764179932015244 -0.0007573579335075447 0.9999994195474565 -0.0007663639552079923 0.00217407656507185 0.0021128740897449552 0.0007679626663229892 0.999997472995024 0.06386253729240199
0.9999915507527959 0.0007113667314924774 -0.004048750473391235 0.030533824999581904 -0.0007193804807680634 0.9999977846014811 -0.0019782021800626767 0.012582273567428783 0.004047334276575974 0.001981098057805139 0.9999898471163305 -0.022368853069446103
0.9999987048034492 0.00047102153204439 0.0015390029705524024 -0.014296122090454918 -0.0004707935098533475 0.9999998781474551 -0.00014852119865271007 -0.0052710874562248095 -0.0015390727396998526 0.00014779645367829413 0.9999988047049434 0.014737628322997751
0.9999987426698433 0.001142982655283507 -0.0010992039789927957 -0.004903961770530072 -0.0011408530330262667 0.9999974749792091 0.0019361016437283844 -0.0013199554358251028 0.0011014141340780531 -0.0019348451792162316 0.9999975216274515 -0.056874273488510964
0.9999926752187165 -0.0014677607386944498 0.003534853226727112 -0.058228992830628754 0.0014687892924828314 0.9999988797420972 -0.0002883965565306431 -0.0059357217472159815 -0.003534425969636536 0.0002935863986588707 0.9999937108002734 0.0231238512452511
0.9999992252366215 -0.0004516478948362832 -0.001159974283226845 -0.012878957281818157 0.0004532237437230652 0.9999989743733017 0.0013586171610862206 -0.007081612794019803 0.001159359476944725 -0.001359141836366475 0.999998404308268 -0.06146578784469556
0.9999991335023123 0.0009852522005157648 0.0008730823151501924 0.002595898577800919 -0.0009846136425010084 0.9999992477129734 -0.0007315117677476184 0.0019414656105660637 -0.0008738023819202346 0.0007306514851358005 0.9999993513086932 -0.08889300775489614
0.9999999978403317 -4.8834952439541915e-05 4.39827578313884e-05 -0.002559317480143983 4.883723936671813e-05 0.999999997455648 -5.1996419643405855e-05 0.0021541729100745606 -4.3980218476586305e-05 5.1998567527575864e-05 0.999999997680945 -0.00026148713472595167
0.9999863764232148 0.00038640680540848546 -0.005205541062426104 0.05976567205461392 -0.00038555606027264045 0.9999999121541207 0.00016443321335890174 -0.004524314265252913 0.0052056041432527005 -0.0001624239452868002 0.9999864375600154 -0.010383352352025824
0.999999999636376 -2.636088671944443e-05 -5.68798032385901e-06 -0.0020813674658174473 2.636120393981186e-05 0.9999999980969823 5.577744094693344e-05 -0.00010269864833186604 5.686509969567426e-06 -5.5777590868580326e-05 0.9999999984282649 -0.12249947180435732
0.9999999819927986 5.793676467738423e-05 0.00018071451048463637 -0.0009060805975492368 -5.795225683361882e-05 0.9999999946465365 8.572318195486817e-05 -0.001985383238368519 -0.0001807095429932226 -8.573365322491825e-05 0.9999999799969022 -0.07101699419367413
0.999999994840133 4.15455051227929e-05 9.270224254616914e-05 0.0005632436794975151 -4.1550864158457886e-05 0.9999999974658841 5.780794950617396e-05 -0.0006508863673249567 -9.269984065145101e-05 -5.7811801066190404e-05 0.9999999940322675 -0.04068205641687226
0.9999998423228778 -0.00010221393433915815 0.0005521834287722728 -0.03242115154180318 0.0001022320256866816 0.9999999942385159 -3.273516707404206e-05 0.0019278453023509928 -0.0005521800796007655 3.279161274305038e-05 0.9999998470109294 -0.004878215921742616
0.9999935246645102 -0.0013421336534660334 0.0033390576977845236 -0.053924597270438746 0.00134141607554873 0.9999990767273221 0.0002171345771893954 -0.0005784056705262583 -0.003339346038545003 -0.00021265410549733922 0.9999944017574658 0.003362606123103314
0.9999998125346847 -0.00038908294648339954 0.00047280551652549964 -0.019186390793647628 0.0003895010066294489 0.9999995330259946 -0.0008844414980810786 -0.00384348380631363 -0.00047246117462989553 0.0008846254905033719 0.9999994971089647 0.021467327925102368
0.9999873815303599 -0.0006425466382938492 0.004982360271905225 0.053837017372699456 0.0006483216585509912 0.999999119860977 -0.0011575648177608406 0.00028980717914889244 -0.004981612097348809 0.0011607803831391304 0.999986917979342 0.028093649523975223
0.9999971582004317 0.001049706416169852 -0.0021404923503947856 0.06592005439048677 -0.0010520805751144757 0.9999988323529805 -0.0011083407183262004 0.008926841585659262 0.0021393264186928412 0.0011105895390668514 0.9999970949324573 -0.011188026460272029
0.9999880031495864 1.9052412140489383e-05 -0.004898284793079833 0.04268416854303117 -2.032792988275732e-05 0.9999999659020126 -0.00026035124028460507 -0.00038038705309818794 0.004898279665739266 0.00026044768887902584 0.9999879694392934 -0.019405477844650538
0.9999282707152148 0.001848003185651759 0.01183377829359215 -0.1589864885036296 -0.0018350186356838542 0.9999977025090768 -0.0011080086550848646 -0.0007587879361311283 -0.011835798709117171 0.0010862139747166225 0.9999293645093718 0.06270941130875649
0.9999772571688436 -0.0017297136421573274 0.006518683594340401 -0.024632015491598342 0.0017257351287742445 0.9999983212512726 0.0006159000775638015 -0.005155925556528361 -0.006519737981878367 -0.0006046365489802112 0.9999785634858904 0.01884372382336349
0.9999999196001103 -0.0002754941633902981 -0.00029138075873773886 -0.010775598910723959 0.00027485877713048714 0.9999975895068796 -0.0021784014990602536 0.0028047856397943557 0.0002919801932669077 0.00217832123535801 0.9999975848291711 0.015920374882747633
0.9999967825104588 -0.001982622264730878 -0.001582459380894372 -0.021529365028643797 0.001987060845022768 0.9999940826835384 0.0028082355865777465 -0.008923868586022081 0.0015768823465841261 -0.002811370994183732 0.9999948048041081 -0.03739767097247259
0.9999990077079668 -0.0011200084932949845 -0.0008544963785872912 0.011919507285147153 0.0011206138097530913 0.999999121309919 0.0007082401255324379 0.003260878320498185 0.0008537023927955919 -0.0007091969831935545 0.9999993841157477 -0.03930110257244477
0.999993935767104 -0.0034505937818335624 0.00047098999555191554 -0.025548462483232576 0.0034507253412498166 0.999994007364901 -0.00027879905038673573 -0.008007153048015084 -0.00047002515080946783 0.0002804226167975145 0.9999998502197502 -0.04507376918087777
0.9999996736225261 -0.0007808356779817295 -0.00020748612730622426 0.006698693020163451 0.000781467716440395 0.9999950013461424 0.0030637543859153736 -0.002289981786866525 0.00020509280142229906 -0.003063915529684978 0.9999952851681745 -0.017145986901673863
0.999998592017298 0.0010947256020760426 0.0012718251767195896 -0.011539220423347993 -0.001091166810602877 0.9999954972325309 -0.0027955088380537296 -0.0024283780762964498 -0.0012748797650809192 0.002794117128603833 0.9999952837844107 -0.019499950280751514
0.9999976537193545 0.001944579448160925 -0.000954550445805842 0.006183166419850602 -0.0019437600064809866 0.9999977422675719 0.0008586365962261639 -0.0010441215195093909 0.0009562179777667014 -0.0008567791646431963 0.9999991757879844 0.007716569388822052
0.9999996345322271 -0.0004982008639179245 0.0006947886786898494 -0.013047825939400206 0.0004949253054472025 0.9999888009621538 0.0047066972739509706 -0.004199739640223346 -0.0006971257783721499 -0.004706351685305906 0.9999886820706853 0.021835360498018205
0.999999363388197 -0.0011281869242202554 -2.0432175376298702e-05 -0.008213613129698708 0.0011282095769219525 0.9999987082268393 0.0011448527441079446 -0.004921712749069659 1.9140541086799897e-05 -0.0011448750670570557 0.9999993444471507 -0.07743748070548545
0.9999977161066134 0.0006226388247671694 -0.0020445298876879923 0.02871375776345498 -0.0006244195305585701 0.9999994262186258 -0.0008704382132346851 0.0024554892687793737 0.00204398674594951 0.0008717128696393112 0.9999975311143884 0.044665786608956405
0.999998456757657 -0.0017218939737118101 0.0003486595030530087 -0.01780946595429946 0.0017218432456210275 0.9999985070063507 0.00014574257960582433 0.00021753579747802254 -0.0003489099357760951 -0.00014514201767929695 0.9999999285978249 -0.022313102912405083
0.9999974382367145 -0.0022375763270628154 -0.00034171945462816745 -0.007363547446074749 0.0022367691232861643 0.9999947499058145 -0.002344573457572654 -0.003304759679192493 0.00034696382263130996 0.0023438031038055178 0.9999971930976178 0.012844234658349796
0.9999993071122683 0.0004833253199132623 -0.0010733925746445239 0.002701369981574463 -0.0004852294866581977 0.9999983079931071 -0.001774419136236455 -0.0035224030474368382 0.0010725331367593528 0.0017749387484911833 0.9999978496302447 0.034330036061082356
0.9999983361988788 0.0007598310017420777 0.0016583896808613754 -0.03236339276919903 -0.0007612526424671429 0.9999993432119962 0.0008567788477753153 0.0013518095810074928 -0.0016577375845206299 -0.0008580398757924881 0.9999982578353237 -0.002292423341952138
0.9999998627208861 0.00040160924475224704 0.0003365534485980101 -0.002981322857915622 -0.00040150377156529966 0.9999998702872381 -0.00031340107084946853 -0.006198978781970156 -0.00033667926970928745 0.0003132659003471064 0.9999998942557685 0.02714152151059515
0.9999986775809483 1.114672407704676e-05 0.0016262570877929687 -0.01502299878143668 -1.0377416401958339e-05 0.999999888052401 -0.00047306182778417117 -0.0025442864190724774 -0.001626262178823996 0.0004730443258513098 0.9999985657491713 0.004702377475867116
0.9999997627973666 0.00012299897687610817 -0.0006776993931565013 -0.009487610970978336 -0.00012292491261631737 0.9999999864683915 0.00010932834564596951 -0.0026863577719690324 0.0006777128312621028 -0.00010924501357422489 0.9999997643853986 -0.0028742734778446025
0.999999498798243 0.00028047467312023437 -0.0009611124932868957 0.006292727241705514 -0.0002798236345934935 0.999999731381649 0.0006774476855746998 -0.004875652009208913 0.0009613022420341863 -0.0006771784040455309 0.9999993086634675 -0.04838084587855898
0.9999999999344629 -3.021494296010429e-06 1.1042918788857723e-05 -9.201653500612785e-05 3.0214978880904286e-06 0.9999999999953834 -3.2526716022495535e-07 0.00010217884674610414 -1.104291780557995e-05 3.25300526289152e-07 0.9999999999389736 -0.0011353934729943958
0.9999999999798888 4.54414437330277e-06 -4.424332119900168e-06 -0.000523836324927346 -4.54416143357896e-06 0.9999999999822421 -3.856005804839651e-06 8.034088397039449e-05 4.4243145972742486e-06 3.856025909640164e-06 0.9999999999827797 0.0009757724579433396
0.9999999995809463 1.8702736249602474e-05 -2.209785946100725e-05 -0.0017833668138697383 -1.870262350456617e-05 0.99999999981209 5.102275681271637e-06 -0.0007622019778548453 2.209795488333988e-05 -5.1018623911428105e-06 0.999999999742827 0.004662445521184904
0.9999999932552233 -1.898914364853445e-05 0.00011458168760164358 -0.006340571061250257 1.89842241766173e-05 0.9999999988980875 4.2935125139105575e-05 -0.002582545327421228 -0.00011458250277679792 -4.293294960506153e-05 0.9999999925138058 0.010366225329509598
0.9999999997235283 -2.3045364500256415e-05 -4.674886114394964e-06 0.0013049579139288929 2.3045430360701046e-05 0.9999999996352088 1.4088587841218476e-05 -0.0005973543128469189 4.674561436054482e-06 -1.4088695572053907e-05 0.9999999998898286 0.0009473682972602784
0.99999999968909 -2.259629913910757e-05 1.0546401565471868e-05 -0.0007469968919517542 2.2596076107238352e-05 0.9999999995211041 2.1147313091118508e-05 -0.0010035229251548667 -1.0546879411374117e-05 -2.1147074777252393e-05 0.9999999997207819 0.0004122399099617718
0.9999999890132589 -0.00011836744315642474 8.92335834036803e-05 -0.0032309906735327612 0.00011836239411104869 0.9999999913942128 5.6585502526793704e-05 -0.0029219159000883513 -8.924028051714039e-05 -5.657494000456199e-05 0.9999999944177246 0.001683442798641691
0.9999999999538863 8.965954338721756e-06 -3.4409409626360325e-06 -0.00020717709037863983 -8.965924387627185e-06 0.9999999999219247 8.704245781391658e-06 -0.00019940518733807303 3.441019004389278e-06 -8.704214929805538e-06 0.9999999999561984 -0.0004242540553027257
0.9999999986186343 -1.6129478226982094e-05 5.002569930571059e-05 -0.00316094763918525 1.612911335519388e-05 0.9999999998433245 7.294082181653275e-06 -0.00036436245545131524 -5.002581694762955e-05 -7.293275301417769e-06 0.9999999987221131 0.00045595109424636967
0.9999999988842571 -3.204060617308154e-05 3.471145914512834e-05 -0.002372418514500492 3.204008296833489e-05 0.9999999993731138 1.5073421948668572e-05 -0.0007320831211182896 -3.471194208465042e-05 -1.5072309773843508e-05 0.9999999992839542 0.0007368044166672818
0.9999999999318051 -9.04970986609045e-06 7.381944852511163e-06 -0.0008415588253196197 9.04969316667105e-06 0.999999999956493 2.2622302822194955e-06 -8.752800291523085e-05 -7.381965324589945e-06 -2.2621634777346894e-06 0.999999999970195 0.00014196811569822362
0.9999960507771851 0.0027983315957722 0.00026032732361775686 0.026972031658164673 -0.0027984207497452947 0.9999960256783684 0.0003427371946583554 0.006209535324080031 -0.00025936719666936323 -0.00034346434649725404 0.9999999073804486 -0.03533080642950886
0.9999995792529444 0.0008814250308676996 -0.00025413352829842733 -0.00595688138052801 -0.0008817903049303215 0.9999985732409867 -0.0014408198562526956 0.00022201369711147075 0.00025286319102779854 0.0014410433425130892 0.9999989297265747 -0.011810013604938337
0.9999998468087044 -0.00015516565749564145 0.0005313249331368801 -0.0204089571652219 0.0001541654774229738 0.9999982172466255 0.0018819502078938608 0.004650123638718242 -0.0005316159999566685 -0.0018818680076337433 0.9999980879767871 -0.007557230104568434
0.9999961597079731 0.0020545444809460154 -0.0018599506136660093 0.026935457646059043 -0.0020519911597346218 0.9999969511922365 0.0013736588092688566 -0.009336534537532406 0.0018627671861628102 -0.0013698369318013357 0.9999973268190254 0.0038661418262691057
0.999994695304104 0.0010642319786455126 0.0030784369326735967 -0.01820085055073392 -0.0010665595792000218 0.9999991465480819 0.0007545553480021961 0.0007751361120288169 -0.0030776312834475076 -0.0007578346817150166 0.9999949769235255 -0.025584413901121927
0.9999884637886626 0.002555668441507946 0.004067044186307742 -0.020346916660383248 -0.00255768698878616 0.9999966084769757 0.0004911942869590709 -0.005864314526179576 -0.004065775063096695 -0.0005015908464362506 0.9999916089046759 -0.016647428768278637
0.9999881779327344 0.0012161923971507347 -0.004707958243527957 0.03737275381688054 -0.001216450863853604 0.9999992587694603 -5.203682896036954e-05 0.008099382260243917 0.004707891467048775 5.776321364984757e-05 0.9999889161492514 0.02602183366299409
0.9999985922924168 -0.0016767824931243705 6.175482380454909e-05 -0.006634313964387943 0.0016768740443513382 0.9999974486327241 -0.001513545999463498 -0.0013369586145221743 -5.9216778812206115e-05 0.0015136474238945752 0.999998852681776 0.024900106935859492
0.9999951254016073 0.0031123015874366753 -0.000250503203626889 0.010308940442665004 -0.0031125837761310287 0.999994512812824 -0.0011340928008699595 0.018897821178545368 0.0002469721902443376 0.0011348669848305353 0.9999993255406069 0.01148058709464456
0.9999986017588128 0.0013625575107800273 0.0009694933995800911 -0.009033415614133086 -0.0013625865359585209 0.9999990712499179 2.9278620469233247e-05 0.008768596735399613 -0.0009694526053587979 -3.059959818353039e-05 0.9999995296125466 0.011399718855382936
0.9999778220145652 0.002788256854837882 -0.006048231371961198 0.07634519363113011 -0.002786708403287884 0.999996082158968 0.0002644295634348822 0.021792031629150166 0.006048944973494976 -0.0002475690417305071 0.9999816743192274 -0.022870571590655666
0.9999962407497216 0.00094622809179075 0.002573545963843 -0.029914500419019177 -0.0009465665724645426 0.9999995435156405 0.00013030823468689303 0.009271087562292604 -0.0025734214877472634 -0.00013274377740768562 0.9999966799349579 -0.005941380188049381
0.999997854314758 0.0006924074629972311 -0.0019524184463131436 0.03052017958836159 -0.0006923591932198691 0.9999997599967979 2.5398849478593377e-05 -0.014089634433214883 0.001952435564077731 -2.4047020120329104e-05 0.999998093706742 -0.005140046239665531
0.9999993986664788 -0.0008304799552471799 0.0007162190515986204 -0.026940474661400524 0.0008308813390060237 0.9999994978470986 -0.0005603050479801514 -0.0007165877156566995 -0.0007157533698358192 0.000560899804094572 0.9999995865441761 0.010881620106205345
0.9999957728485895 0.002038001116607398 0.002073845802369358 -0.010460719630426276 -0.0020376971503637746 0.9999979128410565 -0.00014867366966258398 0.004279900011055397 -0.002074144471028329 0.00014444717151469372 0.9999978385275282 -0.044285771810772964
0.9999957827624182 -0.0005145470761160967 0.0028582684777819227 -0.024702503738837058 0.0005129310460408501 0.9999997082207182 0.0005660920608411483 0.01230695242298342 -0.002858558924812814 -0.000564623578856078 0.9999957549115394 -0.033295889053398475
0.9999627236135962 0.005190638905385044 0.0068999022481579944 -0.07999905743213755 -0.005235270114694028 0.9999653899175955 0.006466135923790283 -0.01735020274031468 -0.0068661000652797234 -0.0065020177416432534 0.9999552892180689 -0.10840954121517478
0.999995328385881 5.7812211456324274e-05 -0.0030561191340700614 0.008645866289846189 -5.620713567670914e-05 0.9999998604587644 0.0005252839368669014 -0.0026951279939058034 0.003056149075440308 -0.0005251097072401776 0.9999951920947564 -0.07454277731619323
0.9999975694523439 0.0015172581589241244 -0.00159969281099965 0.020228508072441115 -0.0015173999077988166 0.9999988449287042 -8.740009477117644e-05 -0.009972854871279567 0.001599558354733357 8.98272560648976e-05 0.9999987166712481 0.05077277592118437
0.9999995327804688 -0.0006746948868738697 0.0006922612612743199 -0.014721167510634995 0.0006752578041078186 0.9999994413288027 -0.0008132459589608175 -0.0020155109098338063 -0.0006917121816410547 0.0008137130338154448 0.9999994297025164 0.0108682090791973
0.9999966877650613 0.00018145576293149697 -0.002567398042710447 0.022329862541468595 -0.00018300109773186114 0.9999998022429455 -0.0006016848637544755 -0.004463686617772484 0.0025672883557997586 0.0006021527074928757 0.999996523215264 -0.009341774178187264
0.9999983584916645 0.00028733267641648885 0.0017889812503503785 -0.022820839838424697 -0.0002958684624841462 0.9999885659926733 0.004772876048478894 0.0069046482624460885 -0.001787589391879171 -0.004773397516894945 0.9999870095157837 -0.07971614989054197
0.9999988711544752 0.0005657149994395005 0.0013919972420310806 -0.02068349655104108 -0.0005668470808088031 0.9999995088426372 0.0008130183792364483 0.006582514964916989 -0.0013915366216496838 -0.0008138065110374178 0.9999987006715566 -0.054666554673329565
0.999996136633963 -0.0022709045064894743 -0.0016030314612151284 0.016452206763445158 0.002273630751474405 0.9999959687423763 0.001700912168212121 -0.021852847696837728 0.0015991623898698824 -0.0017045502985919287 0.9999972685902383 0.036619840882908004
0.9999981132017501 0.001305932069967243 -0.0014381009656254454 0.03302321437377722 -0.001307212353939744 0.9999987498315989 -0.0008896803438613019 0.003764449586501894 0.001436937305659551 0.0008915585685624032 0.9999985701662345 0.018534472514558194
0.9999918798747095 -0.003027788947373341 0.0026594508356148653 -0.026098592850826094 0.0030186993680835377 0.9999896117727284 0.0034152307031638934 0.002124042200900188 -0.0026697638064090094 -0.0034071748885057466 0.9999906317163715 -0.034231295972858976
0.9999994507347415 -0.0005755774122986338 -0.0008759228584222163 -0.04047726124366934 0.0005741232957181541 0.9999984583135311 -0.0016594435827126603 -0.007465188259345341 0.0008768766462702205 0.0016589397835197327 0.9999982395015217 -0.002959661402590437
0.9999940731850879 0.0027291795450127116 -0.002098850568797629 -0.0005468727866541742 -0.0027321695935747493 0.9999952550533305 -0.001423067156191825 -0.0010331471894119005 0.0020949568040921234 0.001428793137641773 0.9999967848479157 -0.03523059449806903
0.9999859367300604 -0.00020022375935741446 -0.005299646455661789 -0.0038778549292197216 0.00020777189964703782 0.9999989648683598 0.00142376018068229 -0.005301324167051943 0.005299355899212892 -0.0014248412755701425 0.9999849432138449 -0.0883255233160158
0.9999923736425179 -0.0011368675566717419 -0.003736333626835986 0.034525550940359584 0.0011481231010895341 0.9999948057427847 0.0030116940099240617 -0.0029361423730756503 0.0037328903221480014 -0.0030159608126195782 0.9999884846888144 -0.05657486677769905
0.9999992792176762 0.0007033914331586586 0.0009730388647429988 0.0026837309348815568 -0.0007030130974080776 0.9999996771844467 -0.00038910614785890476 -0.0033930174324749165 -0.0009733122445607866 0.0003884218083318392 0.9999994508957406 0.017359901552212995
0.9999998092260586 0.0004611023973281707 0.0004110139008141986 0.04854731781130581 -0.0004611547874360746 0.999999885555311 0.0001273798839027746 -0.0035335628139822944 -0.0004109551186021294 -0.00012756940063045517 0.9999999074209692 -0.02865201244528617
0.9999760035852252 -7.94515882668852e-05 -0.006927188547582261 0.011621226435827853 8.450736560680354e-05 0.9999997303033542 0.0007295558449604145 -0.0058607059523214135 0.006927128714974208 -0.0007301237366910689 0.9999757406092963 -0.01255988502007856
0.9999947891509252 0.002141142133131306 -0.0024160259445205803 0.04778528756816082 -0.0021405431315992705 0.9999976776629849 0.0002504870143909704 0.0004279303774904577 0.0024165566619922807 -0.00024531410139983905 0.9999970500330965 0.03382872434720291
0.9999947954334761 0.0027770672863296508 0.0016422555358516502 -0.026729415455781513 -0.002781910600843291 0.9999917665351328 0.002954291006991517 0.016410672463633705 -0.0016340377494888914 -0.0029588442392719516 0.9999942875643876 0.007444918846435815
0.9999999987349435 4.517318027483855e-05 2.2124571993944038e-05 0.00449699559420153 -4.5172967874116743e-05 0.9999999989336148 -9.600625013728784e-06 -0.00025803249542272417 -2.212500566115919e-05 9.599625569011445e-06 0.9999999997091659 0.0009623277841886765
0.999999997538257 5.0373992729616556e-05 -4.8846161046829063e-05 0.0029344336128514855 -5.037584227075095e-05 0.9999999980142905 -3.786412545499308e-05 0.0006866825135892451 4.884425358263081e-05 3.786658602833956e-05 0.9999999980901813 0.002241973003997329
0.9999999448710686 -5.908955156959715e-05 0.00032675110890099295 -0.015334974865760258 5.910238205428896e-05 0.9999999974828855 -3.925732716504048e-05 0.0016256264717889979 -0.00032674878838068736 3.927663676972437e-05 0.9999999458462875 -0.0023331137105688524
0.9999999999706924 -3.5334685871235267e-08 7.655919722790088e-06 0.00012094471814003907 3.533413320368843e-08 0.9999999999999964 7.218826560867268e-08 -1.6053329795477745e-05 -7.655919725771622e-06 -7.218799510756915e-08 0.9999999999706901 5.6099229986611305e-05
0.9999999975672552 4.890580773084741e-05 -4.973644931455234e-05 0.0034607565536742065 -4.890488149687311e-05 0.9999999986307329 1.8623886382291422e-05 -0.001148154569127118 4.973736006273452e-05 -1.8621453981834195e-05 0.9999999985897194 0.0013164182352562272
0.9999996113779189 -0.00019703526921529234 0.000859314326816265 -0.04808064757296449 0.00019701612217869462 0.9999999803421938 2.2366353622942054e-05 0.0007017185073923091 -0.0008593187168852089 -2.2197046154471437e-05 0.9999996305392486 -0.006686146904780441
0.9999999543102484 6.589179668488273e-05 -0.0002950216409312945 0.01680278025114085 -6.588087269705581e-05 0.9999999971439736 3.703731556950567e-05 -0.0020113569215542237 0.0002950240805450287 -3.701787759413524e-05 0.9999999557952349 0.005071594982414725
0.999999997657695 -3.231565247439777e-05 6.033496623994426e-05 -0.002432384958980579 3.2316432115123814e-05 0.9999999993943494 -1.2920941369020531e-05 0.0004329200008985756 -6.03345486542224e-05 1.2922891149595094e-05 0.9999999980963717 -0.0005868810758106849
0.9999999982431298 5.30631668991355e-05 2.6420481893739005e-05 0.00725672798656636 -5.306300307323546e-05 0.9999999985729311 -6.201378590079334e-06 -0.00039144440112813826 -2.6420810920753667e-05 6.199976629094089e-06 0.9999999996317512 0.0008804313606926835
0.9999991678420374 0.00015883805231665414 0.0012802678273896486 0.014883484342084072 -0.000156615772256304 0.9999984813960879 -0.0017357064903515348 -0.003381099532154665 -0.0012805415794112697 0.001735504535835113 0.9999976741159338 0.03212398538625427
0.9999996189947598 0.0008123225569233134 -0.00031959726085495517 0.016981378387709283 -0.0008122455858628213 0.9999996411135796 0.00024089380091126247 -0.00858888178573903 0.0003197928296248833 -0.00024063411766499706 0.9999999199138866 -0.003996774578006776
0.9999932499912475 0.0036304050566359305 -0.0005658012669086978 0.015410016814061423 -0.0036295333720205345 0.9999922364726552 0.0015341062299458973 -0.0001210388289909547 0.0005713663013120116 -0.0015320422801351787 0.999998663192614 -0.025615349283595965
0.9999997879589276 0.00023117102124246418 -0.0006088037938814171 0.006910553100498213 -0.00023099961136123287 0.9999999336682841 0.00028160719478912224 -0.0008686544944019221 0.000608868852925971 -0.000281466501637078 0.9999997750276417 -0.02794822889005515
0.9999946570798468 0.002760118358562113 -0.0017514446637092818 0.058361073353999635 -0.0027608905795424602 0.9999960925311586 -0.0004386406576197955 0.0002306228479730117 0.0017502271198663415 0.00044347386107058354 0.9999983700166546 -0.01204401494898369
0.9999949620494603 0.002348236489318319 -0.0021358045542187527 0.041359139429072565 -0.0023462302307304317 0.9999968045112418 0.0009413665739556875 0.012959764952642453 0.0021380082806192464 -0.0009363507421857967 0.9999972760802313 -0.06166322346162405
0.9999913022697615 -0.00407335084584402 0.0008962129847174002 -0.009788508941216146 0.004072180130693332 0.9999908580843282 0.0013042610016518732 0.011809341499886054 -0.0009015175042691138 -0.0013006001168325845 0.9999987478519803 0.04873706491077943
0.9999984258547826 -6.181038017184062e-05 0.0017732646295370818 0.0015682152062789882 5.961564655063431e-05 0.9999992322648062 0.0012377058529104204 -0.0017997668435073986 -0.0017733397712110933 -0.0012375981902640538 0.9999976618056613 0.017230588785507837
0.9999974062093936 -0.00215945689662838 0.0007240997133263054 -0.023475405869445836 0.002159109166564199 0.9999975536026772 0.0004806623248335612 0.014324954568455301 -0.0007251359114707802 -0.0004790976677674814 0.9999996223215997 -0.035714674283725864
0.999972976407453 0.007169814122321256 -0.0016248754652737727 0.01764408169157929 -0.00716889960507273 0.9999741418211975 0.0005679501933905308 0.004743958420253258 0.0016289055462704871 -0.0005562862762547279 0.9999985186050552 -0.023589464310363344
0.9999996831225096 0.0007871941634097571 0.0001186601140100799 -0.01878103863279228 -0.0007871696530978922 0.9999996688681495 -0.00020646434821598874 -0.01968519323969627 -0.00011882260224946111 0.00020637087715136323 0.9999999716461244 0.001829143995043452
0.9999991532042464 -0.0013007882015473966 -3.9253662659597176e-05 0.008601534640560137 0.0013006990142915313 0.999996750651852 -0.002192457027362674 -0.004599020780058018 4.210545734468606e-05 0.002192404113599273 0.9999975957927827 -0.00048458041471347653
0.9999991683247091 -0.0004169687763286545 -0.0012204453832328887 0.0257672128700589 0.00041675377296639224 0.9999998975966731 -0.0001764169622089322 0.0013760771532495893 0.001220518818617707 0.00017590819026927542 0.9999992396947742 0.013477053710954569
0.9999991466218423 0.0004619168245373603 -0.001222042734421364 0.027435531904905348 -0.00046184262188004216 0.9999998914900972 6.100168093886255e-05 -0.0006448239542140516 0.0012220707795231923 -6.043723746117943e-05 0.9999992514448995 -0.004906157056461317
0.9999999988939203 3.887884810861498e-06 -4.6872639305869604e-05 0.0004847590995702552 -3.889024226712396e-06 0.9999999996969823 -2.430869606095974e-05 0.0005658693618305012 4.687254478272532e-05 2.4308878322907784e-05 0.9999999986060224 0.0012257658343929158
0.9999999822159399 -3.2639001956416254e-05 0.00018574933927450503 -0.004246766072884239 3.264269542554784e-05 0.9999999992695957 -1.9881160873155233e-05 -0.00020272633309335647 -0.00018574869023830486 1.9887223878711462e-05 0.9999999825509616 0.004848055375980161
0.9999999997802719 -1.4859501557996812e-06 -2.0910514912458467e-05 -3.874402897322899e-05 1.4857815947752835e-06 0.9999999999664058 -8.061078099279808e-06 3.306279042877968e-05 2.091052689105688e-05 8.06104702906544e-06 0.9999999997488855 0.001370163860931142
0.999997159964221 0.0005652495644321338 -0.002315287548450032 0.012813448232898853 -0.0005672691632651296 0.999999459150679 -0.0008717247602873492 0.002048960976942588 0.002314793554194035 0.0008730356757880897 0.9999969397650817 0.014119963898331781
0.9999963754751493 0.0024003846910289547 0.0012195039595987991 0.027076880851911077 -0.002402082011153727 0.999996145801115 0.0013922589307136845 -0.007131128243555996 -0.0012161573023640629 -0.0013951832329604868 0.9999982872111188 -0.04702811788991389
0.9999989451673438 0.001349406848621466 -0.0005373689206887433 -0.0032790264564311546 -0.0013490890603767482 0.9999989151596325 0.0005913021845558807 -0.007294201106410046 0.0005381662449455987 -0.0005905766022986297 0.9999996807981377 0.02916853980269575
0.9999985478124596 -0.0011078192257195987 0.001295032639428818 -0.0417455742914832 0.0011086683045640647 0.9999991708431212 -0.0006551088985047134 0.007651938653897304 -0.0012943058234086498 0.0006565437088044062 0.9999989468608472 0.08759875965309037
0.9999996476637921 0.00012929056244554368 0.0008294312764351511 -0.01644170673125603 -0.0001296492605776754 0.9999998981004643 0.0004324235618827424 -0.006741423868023162 -0.0008293752836301164 -0.0004325309446760542 0.9999995625267185 -0.03720902826531592
0.9999977642627714 0.0017565425670315333 0.0011772967660209543 -0.005971263104931971 -0.0017582694589424281 0.9999973776070049 0.001467401658885367 -0.004923080070775141 -0.0011747161252077256 -0.0014694683831086052 0.9999982303507864 -0.056616731151407064
0.9999991499530488 0.0007227581383474715 -0.0010852252549003786 0.012799014223468148 -0.0007223768863301387 0.9999996772525827 0.0003516622943909277 -0.002675425297142817 0.001085479071432412 -0.0003508780538210257 0.9999993493096769 0.002951209898650267
0.9999995483258467 3.498487361129305e-06 -0.0009504398283206004 0.025221596422883824 -3.4045386240019597e-06 0.9999999951086243 9.884924323717662e-05 -0.005004835207389371 0.0009504401694932522 -9.884596278095199e-05 0.9999995434463759 0.007781123404887548
0.9999995217924464 -0.00011709969577884564 -0.0009709287047605276 0.03230460672976142 0.00011801951739170665 0.9999995442905848 0.000947359506148363 0.002732584106173052 0.0009708173267896445 -0.0009474736416516458 0.9999990799032883 -0.03901139000219041
0.9999990993114019 -0.0012906113201434093 0.00036837319207736114 -0.006438837120969362 0.001290496189835055 0.999999118448801 0.0003126039195638833 -0.0038946484860745657 -0.0003687763174958007 -0.0003121282538043142 0.9999998832899838 0.0005700793308073315
0.999999794782369 -0.00044201972957660484 -0.00046373891746271696 -0.0035303601570641154 0.0004418995035197548 0.9999998687378922 -0.00025932419635575513 -0.0002066650253684907 0.00046385348299828077 0.0002591192171402208 0.9999998588485811 -0.007716423326424331
0.999992515423117 0.0008940852634186008 -0.003764267430512477 0.004414078643556655 -0.000891960035928206 0.999999441900809 0.0005662202499602031 0.000837382394505921 0.003764771578857415 -0.0005628584359286625 0.9999927548164258 -0.032142817564089786
0.9999835709887843 0.001740385211513069 -0.005461575947975037 0.02310977461917816 -0.0017430334164833482 0.9999983656406293 -0.00048015684392540626 -0.011845549947219458 0.005460731363925008 0.0004896686648070235 0.9999849702058392 0.028196697719034592
0.9999999262467623 -0.0003810792543014712 -4.780246715047975e-05 -0.01229621634046441 0.00038114105574513576 0.9999990829198545 0.001299573373413866 0.001137459411144948 4.730718286054782e-05 -0.0012995914970489856 0.99999915441163 -0.04698623601767642
0.9999993624112049 0.001026738123928414 0.0004700914916312635 -0.008401366574559994 -0.001026208425254251 0.999998839895455 -0.001125657151172546 -0.0019382073936387012 -0.0004712467013858995 0.0011251740216166827 0.9999992559547112 0.0018873485482188161
0.9999920791885311 0.0009439831313851559 0.0038665819588640225 -0.07414737070504575 -0.0009477285510998315 0.9999990834120409 0.0009669465742402016 0.0008946474649275967 -0.0038656656335468685 -0.0009706033853562442 0.9999920572475985 -0.0225036312672141
0.9999800894790875 -0.0024310182021453027 -0.005823297682447068 0.08176795219013715 0.0024419629792667716 0.9999952641291534 0.001873108666166562 0.0013885727005512798 0.0058187165427986305 -0.0018872916489552293 0.9999812901589857 -0.08568191827562444
0.9999985913005585 0.001393909596658359 -0.0009351004934564516 0.017658709175133985 -0.001393615137307835 0.9999989791560896 0.00031547365578054676 -0.0035026189581281613 0.0009355392806230786 -0.00031417004117067734 0.9999995130316008 0.0003442979486086763
0.9998025779477037 -0.001668433001572756 0.019799531824006105 -0.29609691536092914 0.0016844688336212499 0.9999982666503173 -0.0007932598039132896 -0.004964150541321257 -0.019798174003658322 0.0008264548912124374 0.9998036553636104 -0.06182864945770908
0.9999975232823339 -0.0014550985639347493 -0.0016840776025072828 -0.05132903034226284 0.001454971823695654 0.9999989386032953 -7.648065420653161e-05 -0.0014531566737033168 0.0016841871019237975 7.40301793245847e-05 0.9999985790156621 -0.06267289147082303
0.9999976098540678 6.574980609555728e-06 0.0021863766657689134 -0.013572767814142 -4.6178157721411454e-06 0.9999995993268748 -0.0008951674570113673 -0.0001462372058412394 -0.0021863816754526724 0.0008951552211456282 0.9999972092122577 -0.01311462422012473
0.9999992106408135 -8.02890600194835e-06 0.0012564447018805474 -0.04406283619691293 8.370444519309189e-06 0.9999999630207402 -0.0002718243043047199 0.003138954029001019 -0.0012564424729679944 0.0002718346067384891 0.9999991737287919 -0.02224442478528728
0.9999999762258791 0.00015246063109729848 -0.00015589740818849744 -0.0015030097209752255 -0.00015244975352775032 0.9999999859446771 6.978339851211155e-05 -0.0019791377934037027 0.00015590804521842773 -6.975963033163946e-05 0.9999999854131398 -0.08184366350481867
0.9999999639228716 -5.272257188721197e-05 -0.0002633905636502307 0.0002807364093964295 5.272965733055781e-05 0.9999999982481493 2.689402879245753e-05 0.0008819425552310521 0.00026338914526585544 -2.6907916316449477e-05 0.9999999649510616 -0.046968390691838696
0.999999979726762 -5.957075818533892e-05 -0.00019234812722935198 -0.0009691505213954452 5.958478412623905e-05 0.9999999955665541 7.291465346880237e-05 -0.0007624393909974074 0.0001923437827949835 -7.292611301224548e-05 0.9999999788428253 -0.07068586030661228
0.999993828156109 -7.365070857529035e-05 -0.003512580998248784 0.015009055123668362 7.347749541444185e-05 0.9999999960783142 -4.9441241020251334e-05 0.0007669195591882848 0.0035125846258612166 4.918284022234965e-05 0.9999938296461135 -0.014916794114185183
0.9999917966117621 0.000821233080056964 -0.0039663945105350845 0.04973557061221409 -0.000825758004739959 0.9999990100446537 -0.0011393127037307303 0.007030022746581429 0.003965454942703817 0.0011425786395229541 0.999991484804322 -0.011901926520202399
0.9999992716368726 3.795054857751326e-05 -0.0012063521420610966 -0.00836866147037059 -3.629650194761085e-05 0.9999990593742101 0.0013711065876926597 -0.006249485370704388 0.0012064030415821503 -0.0013710618026664255 0.9999983323892302 -0.041982575486295894
0.9999801590566817 -0.0029756037116707187 0.005552231580747639 -0.051389746527207486 0.002975269734558159 0.9999955715351927 6.841067579997448e-05 -0.002763072733146484 -0.0055524105559487434 -5.1889931886081164e-05 0.9999845839034042 -0.03673678489238032
0.9999977661058318 -0.0002874487549097975 -0.0020940765446639947 0.035813981452762496 0.00028798952628369495 0.9999999252640779 0.00025794163071744624 -0.003088541765999044 0.0020940022431614066 -0.00025854412661532823 0.9999977741522986 0.004287340375890953
0.9999427799491016 0.01026761022759306 -0.003002167197644008 0.04519113267275357 -0.010261539903853237 0.9999452875572346 0.0020304410571224583 1.842032410812201e-05 0.00302285071910847 -0.001999518016685139 0.9999934321290525 0.0034106382374852182
0.9999951004055171 -0.0029281526932331643 -0.0011068363808502315 -0.0044446173331525755 0.0029247114862356815 0.9999909242369663 -0.0030979842522308844 -0.015173902630475496 0.0011158977063976086 0.003094731896287905 0.9999945886887636 -0.015207053063805211
0.9999782526076201 0.0043151059541831635 -0.004987401369295393 0.06344190782591244 -0.004319988871411765 0.9999901996174523 -0.0009686925248525474 0.001622787932595595 0.004983172479973798 0.0009902169767286592 0.9999870936479015 0.0012528932923796142
0.9999995577879521 0.00039612004954381243 0.0008529436179390882 0.02214770089977489 -0.0003957425040919201 0.9999998236750421 -0.00044276151466242743 -0.003183045396503988 -0.0008531188542552493 0.00044242377282472766 0.999999538224612 0.028886033587450347
0.9999909196992535 -0.004010367283126974 -0.0014413442684866403 0.016683330659185557 0.0040065006486001385 0.9999883944697365 -0.0026756080439591 -0.003347336508011686 0.0014520577118860322 0.00266980900188658 0.9999953818134856 -0.0015853592447247619
0.9999988115937171 -0.0013991550921334873 0.0006474381750453678 0.002077445606304869 0.0014002355306019702 0.9999976229504143 -0.0016713569302050095 -0.01660649018479578 -0.0006450981484909217 0.00167226150989045 0.9999983936936232 0.011827307961492091
0.9999723765674838 0.0008459929878187099 -0.007384470045258098 0.023636314674863684 -0.0008391842947684573 0.9999992199994636 0.0009250784801186052 -0.003176429933174636 0.007385246895275204 -0.0009188559949888114 0.9999723065325152 -0.014250380960106144
0.9999831072133788 -0.0030319257484743116 -0.004959104166669729 -0.053439339425729315 0.003039267788149122 0.9999942955844158 0.001473651912002702 0.004333273197479442 0.0049546078747015635 -0.0014886990634675463 0.9999866177284145 -0.0031994261282260205
0.9999643022753519 -0.0032344604169771357 0.007805923442567812 -0.055016847847816075 0.003231646342152191 0.9999947086183923 0.0003730913456040424 -0.006403105673341031 -0.0078070888876373605 -0.0003478520431521364 0.9999694637148011 -0.04962987514876692
0.9999987671989415 -0.0015155105153911639 0.0004108874274831184 -0.011619223439282372 0.0015160327282617012 0.9999980397658491 -0.0012736205204636427 0.004344068540590508 -0.0004089564367557974 0.0012742418691305865 0.999999104530748 -0.0016775455257118082
0.9999999998938441 -1.4407616682659696e-05 2.1748469890677283e-06 0.00016281832252919992 1.4407628630250115e-05 0.9999999998811204 -5.493597613917643e-06 0.00019271657454078612 -2.1747678391633696e-06 5.493628947626439e-06 0.999999999982545 -0.00014708872145351628
