0.9999990895029781 0.0007377680171227474 -0.0011299077691672883 -0.006409480036326798 -0.0007375148543292132 0.99999970284553 0.00022445643288706435 0.0013353772760495985 0.0011300730301870487 -0.00022362290475650554 0.999999336463651 -1.4331029551606989
0.9999970713278217 0.0005023258862481908 0.0023674890672108436 -0.013176356006207701 -0.0004983288310708338 0.9999984501522492 -0.0016885974874647491 -0.013207824900605791 -0.002368333624192444 0.001687412754056851 0.9999957718080822 -1.1867394298622713
0.9999331724433768 0.0024178312109827006 -0.011305075831633506 -0.01008736417377909 -0.002438060849208593 0.9999954508481126 -0.0017759905335354917 0.016752521636133944 0.011300730357784386 0.0018034343112100226 0.9999345184151143 -0.3217401984051431
0.9999668278372205 -0.0005353938883783035 -0.008127519827819285 -0.008241845372422452 0.0005334009245352156 0.9999998271439038 -0.0002473774782341537 -0.001280675562868483 0.008127650867318478 0.0002430340455978619 0.9999669405664534 -0.4281463496381992
0.9999997485533996 4.87212474267508e-05 -0.0007074739414246163 0.006852783590121425 -4.8178636470712355e-05 0.9999997047206997 0.0007669663180897082 -0.011750106807716848 0.0007075111000777411 -0.0007669320401088239 0.9999994556214965 -0.5507203198623305
0.9999996007612121 -0.0004897575606369886 -0.0007474054776899566 -0.0013922100973101093 0.0004896659280892168 0.9999998725762997 -0.00012277891625288306 -0.0009426723696370487 0.000747465514354926 0.00012241288823786056 0.9999997131551533 -0.6682291563133624
0.9999955748842058 0.00036838314793957716 -0.002952034190603546 -0.004117649009715674 -0.0003723476674769022 0.9999990294688541 -0.0013425418295326952 0.0015446133483583147 0.0029515367557769907 0.0013436350716747696 0.99999474152396 -0.6555337233505458
0.999999374179857 0.001093424240568696 -0.00023677695035912816 0.008642811053432453 -0.0010933358980514708 0.999999332776052 0.0003729129456440314 -0.006781671896528785 0.0002371845444303761 -0.00037265383552793907 0.9999999024363005 -0.7738442287973211
0.9999937486357622 -0.0007139303141133757 -0.0034630900801691095 0.005466652959577489 0.0007231662432531372 0.9999961835483029 0.0026664432141374067 -0.018188879235751965 0.0034611732088116187 -0.00266893093507288 0.9999904484982259 -0.6482262308948528
0.9999983162714079 -0.001605149684293667 0.0008893530466117221 -0.0055582240881184575 0.0016058942647158882 0.9999983601527974 -0.0008371351907903203 -0.0003311679429622849 -0.000888007860921392 0.0008385619882387042 0.9999992541276377 -0.45571714041302336
0.9999975761911294 -0.00041631990879541225 0.0021620105459148925 1.9376116444647096e-07 0.0004143535291237094 0.9999995002122212 0.000909882663420597 -0.0040728806989802635 -0.002162388267635763 -0.0009089846213392733 0.9999972489081849 -0.2318899940494834
0.9999990422208951 0.0010643195842308245 0.0008847491819024354 0.003017700970969095 -0.0010636961747993515 0.9999991859109056 -0.0007047893111931519 7.531512986203026e-05 -0.0008854985827046024 0.000703847531840239 0.999999360245251 -0.08746697343900678
0.999999997716593 -1.3385133681292904e-06 6.756495291306648e-05 0.008341842131424748 1.3383636693863055e-06 0.9999999999966499 2.215672080212519e-06 -0.00011762826285188765 -6.756495587873288e-05 -2.2155816486821994e-06 0.9999999977150343 -0.013432101751686076
0.9999997904381149 0.0006434466835352395 -7.141492451591249e-05 -0.00039295224271407303 -0.0006434447340757168 0.9999997926162988 2.7317268259131715e-05 -0.0030782271808162953 7.143248691077441e-05 -2.7271310977368575e-05 0.9999999970768378 -0.29830449071153886
0.9999999896466646 8.047847640491046e-05 -0.00011928908333508174 0.002411209311414808 -8.04750775095231e-05 0.9999999963558283 2.8497456271410135e-05 0.002225107417029637 0.00011929137633220725 -2.8487856178144658e-05 0.9999999924790052 -0.12411744613665121
0.9999997706151574 -0.00022331042921116054 -0.0006394545212428045 0.019498620213931672 0.00022289058459858818 0.999999759622499 -0.0006565628164890737 0.011943526780427316 0.0006396009848567961 0.0006564201374914536 0.9999995800115038 -0.06149102777225934
0.9999999893577874 0.00013513236197782602 5.4987910044127194e-05 0.0012055495045375508 -0.00013513554730582586 0.9999999891913538 5.7928196470353934e-05 -0.0009219353191431967 -5.498008147576553e-05 -5.7935626675188854e-05 0.999999996810327 -0.03993459052762205
1.0000000000000004 -2.7755575615628914e-17 4.1514101184469965e-16 -1.3766765505351941e-14 4.163336342344337e-17 1.0 -6.938893903907228e-18 1.1102230246251565e-16 3.5827460789783494e-16 3.642919299551295e-17 1.0000000000000002 -7.105427357601002e-15
0.9999994122230319 -0.00034540458764534265 -0.0010277398803180213 -0.007003856905848815 0.00034580389771096676 0.99999986479035 0.0003883799001720076 -0.0002657926651798981 0.0010276055931586446 -0.0003887350683476898 0.9999993964557142 -1.214393991643142
0.9999994679278961 -0.00042441439198608044 -0.0009402214367066886 -0.016165056993849625 0.0004237919933793785 0.9999996910313912 -0.0006620705927123148 -0.005793485628795558 0.0009405021384965482 0.0006616717821261624 0.9999993388228724 -1.1756009805133747
0.9999907969017708 -7.239102490130822e-05 0.004289623678223104 -0.006877460996224549 7.646760346551561e-05 0.9999995456567642 -0.0009501783889328576 0.0021198643438722353 -0.004289552944874232 0.0009504976615902494 0.9999903480982845 -1.1227064231932893
0.999994702646816 -0.0021489103141411614 -0.002444762313182025 -0.0021779100198382473 0.0021455707062684737 0.999996762779604 -0.0013678291768199902 0.010838878264774587 0.002447693741173207 0.0013625765205426132 0.9999960760825888 -1.1841150582053253
0.9996498402034667 1.3771359870114706e-05 0.026461231859707644 0.009634205523931683 2.0668408397223753e-05 0.999999153168068 -0.001301244006408294 -0.006813036378823911 -0.02646122737139056 0.0013013352746185265 0.9996489933834288 -0.6297362819455365
0.9991331261212281 0.0032271224676449946 0.04150399941934425 0.023381934161192414 -0.0031899826016826855 0.9999944501850225 -0.0009610463853816763 -0.004042761353965751 -0.041506870494209466 0.0008278162433259448 0.9991378755817651 -0.589508686456532
0.9985604539701599 -0.00337513559743612 0.053531562900850774 0.012486069822622348 0.0032931505684009373 0.9999932659073956 0.0016196602095572034 0.0017341416855596314 -0.053536668987178196 -0.001441041137338511 0.9985648444013029 -0.6466271671580408
0.9999987012419946 0.0010070061640941597 -0.0012583532531034725 0.0037610312346929575 -0.0010080391487823914 0.9999991552872284 -0.0008205375698831507 -0.001554429583371486 0.0012575259037659325 0.000821804973545559 0.9999988716319572 -0.946723857640901
0.9999957523500508 -0.001241738177261184 -0.0026369239947511875 -0.007701858071286816 0.0012492944285179691 0.9999951130886985 0.0028658440556927622 0.0035790737541363526 0.0026333524803634897 -0.0028691261770454743 0.9999924167560946 -1.0879134797014807
0.9999983828299607 -0.0007932566310868416 -0.0016140264496909444 -0.005198248862484545 0.0007944555671861031 0.9999994089023003 0.0007423175883622402 0.005380592253846017 0.001613436647294222 -0.0007435986602070607 0.9999984219403637 -1.4197495487027503
0.9999869640842692 -0.005091547121746497 -0.0003844599251332792 -0.014647486855335234 0.005091541964816308 0.9999870379126524 -1.4391002230369418e-05 -0.005544543129682777 0.0003845282141961004 1.2433320787870288e-05 0.9999999259917296 -1.4640396188278757
0.9999990648889796 -0.0013664434683861026 -5.525770302306984e-05 0.0011297981760032272 0.001366614352766915 0.9999938796468436 0.0032207194949165838 -0.005359713786545983 5.085643370894566e-05 -0.0032207919991563555 0.9999948119428028 -1.445939789275556
0.9999996639456826 0.00020060960102735725 0.0007948989297907579 -0.005807806405800808 -0.000197890860927398 0.9999941361775156 -0.0034188374912165155 0.00996024188324185 -0.0007955801202695033 0.0034186790390678436 0.999993839823976 -1.3931878804466855
0.9999979301414111 0.0013506906793770423 -0.0015216266241450047 -0.0011839592735292115 -0.001352441297128082 0.9999984241423858 -0.0011500501221211323 0.016396856906637725 0.0015200708642975243 0.0011521056523653428 0.9999981810169131 -1.4222220600999371
0.999999170224069 -0.0005837115008615473 0.0011484041352797787 -0.04704667673461316 0.000578831811529408 0.9999908230233936 0.004244858387654274 0.0038371432353391244 -0.0011508713690627187 -0.004244190132527012 0.9999903311258621 -1.4433321505814511
0.9999999999259909 1.1823292782056627e-05 -2.8684264837584976e-06 -0.005930435360238739 -1.1821308030495609e-05 0.9999997612265401 0.0006909465383804678 0.009482373318068671 2.8765950621345815e-06 -0.0006909465044207777 0.9999997612922984 -1.5483293047503714
0.9999995063333368 0.00011348118765689211 -0.0009871449259306019 -0.004457346393857975 -0.00011397014309338233 0.9999998708539101 -0.000495280698946398 0.005564394169913722 0.000987088593402621 0.0004953929594912858 0.9999993901207767 -1.1371368829506583
0.9999951722360132 -0.002664858234904076 -0.0015981349299497786 0.018270564629687236 0.002663282463887102 0.9999959660496454 -0.0009873251505501113 0.020370182455109243 0.0016007595647110325 0.0009830640992434282 0.99999823557534 -1.2531542080069933
0.9999960968253484 -0.0027671557732447116 -0.00038624214627187175 -0.02478774748206991 0.0027665935292505717 0.9999951236033426 -0.001448699340914553 0.0015748391333846312 0.00039024903954677 0.0014476251113654352 0.9999988760429804 -1.3144376802468436
0.9999999932734931 2.015393959528544e-05 0.00011422273210296655 -0.030596925951975606 -2.003072589557009e-05 0.9999994180963734 -0.0010786128521788271 0.007011085439568077 -0.00011424440393494398 0.0010786105569593474 0.9999994117735689 -1.381560979012999
0.9999995348045605 0.00033227889380623614 0.0009055282429059892 -0.001261727856619821 -0.00033347033420103945 0.9999990785920344 0.0013159075265711806 0.0028392200402329593 -0.0009050901602483762 -0.001316208881222792 0.9999987242021776 -1.43911152085826
0.999999850174855 0.0005436693916222035 -6.382680028519348e-05 -0.008073044011815966 -0.0005437019514524244 0.999999721519231 -0.000511223677463743 0.008007399711406626 6.354884584528452e-05 0.0005112583036254309 0.999999867288237 -1.513502077793209
0.9999995164201076 -0.00011583901959439356 0.000976596576229454 -0.008870610921793087 0.00011643325551757432 0.9999998081211259 -0.0006084414587565548 0.0018308791952321712 -0.0009765259075792302 0.0006085548728452031 0.9999993380288403 -1.5949055559672622
0.9999996729456387 -0.0005271143901658532 -0.000613399572127896 -0.010101632397395921 0.0005271845088874114 0.9999998545224873 0.00011415558474829591 -0.00033926925861527124 0.000613339309840679 -0.00011447892216539667 0.999999805354715 -1.5922986615967947
0.999999992735569 -9.20965988679013e-05 -7.776296301909783e-05 -0.012047545515612157 9.214252874673642e-05 0.9999998212073387 0.0005908426567949 -0.0018308369125734636 7.770853451636813e-05 -0.0005908498177788182 0.9999998224289222 -1.6079237796674732
0.9999995257519815 0.0008719094376323287 0.00043390061532719824 0.02739353103506037 -0.0008714901442824509 0.9999991540723412 -0.0009655876604988704 0.008729073252656372 -0.00043474215327310537 0.0009652090624609781 0.9999994396852058 -0.017598296786211165
0.9999999658111237 -1.5860624955879067e-05 0.00026100994602837465 -0.02038321199592108 1.5860669381746566e-05 0.9999999998742055 -1.6813766894297974e-07 0.0001658132818811442 -0.00026100994332881115 1.7227745565416618e-07 0.9999999659368893 -0.0021018678319499884
1.0000000000000004 3.469446951953614e-18 -4.379753260367811e-17 3.552713678800501e-15 -1.734723475976807e-18 1.0000000000000007 6.505213034913027e-19 1.1102230246251565e-15 -9.930106053841065e-17 3.0357660829594124e-18 1.0 0.0
0.9999999161510952 -0.0003665206667429299 0.00018264830670489026 -0.005894622555056239 0.00036658083223938724 0.9999998785301338 -0.0003294817310921473 0.0036000079824285436 -0.00018252752265515216 0.00032954865883374346 0.9999999290406902 -0.0007181729355352218
0.9999999999999993 1.3010426069826053e-18 -8.985325504473618e-18 1.1102230246251565e-15 1.734723475976807e-18 0.9999999999999994 -5.204170427930421e-18 -8.881784197001252e-16 -6.450325299930948e-17 -5.204170427930421e-18 0.9999999999999998 1.7763568394002505e-15
0.9999991561977688 -0.0009464778861134936 0.0008898220956143565 -0.01168224934128248 0.0009481982286555371 0.9999976784884838 -0.0019349257768119217 0.022810537577963474 -0.0008879886654227087 0.001935767871852111 0.9999977321368667 0.0009228538564975963
0.9999999021208843 -4.676103119760286e-05 -0.0004399677598373078 0.009710248872481841 4.674193467510586e-05 0.9999999979651846 -4.3414550213145744e-05 0.0007535253108950091 0.00043996978905110653 4.339398101947927e-05 0.9999999022717696 -0.001265369581176401
0.9999993202382492 0.0001387494369734744 0.0011577010118701391 -0.011294854066062676 -0.0001371680907718371 0.9999990577448349 -0.001365904227147434 0.016605964832620224 -0.0011578894394630318 0.0013657444990205006 0.9999983970157198 0.0010046010224638025
1.0000000000000007 -6.938893903907228e-18 1.1037178115902435e-16 -3.9968028886505635e-15 -3.469446951953614e-17 1.0000000000000002 1.3877787807814457e-17 0.0 -8.673617379884035e-19 6.938893903907228e-18 1.0000000000000004 -1.0658141036401503e-14
0.9999991390910832 0.0005490887806132907 -0.001191771204087633 0.03702540528520348 -0.0005492534145783087 0.9999998396632419 -0.00013781936198109697 0.005653181958017006 0.001191695337937503 0.00013847382773442187 0.9999992803433515 -0.010479123877900065
0.9999999874188719 0.00015676176467020872 2.4248809732867897e-05 -0.010447404514704495 -0.0001567579877246551 0.9999999755950958 -0.0001556815377706097 0.002695256246385336 -2.4273214053713834e-05 0.00015567773461734168 0.9999999875876266 -0.01070958100010344
0.9999973049415832 0.0013263382307389937 -0.0019055016320525062 -0.003086971807347183 -0.0013252092957928285 0.999998945728387 0.0005936012453618758 0.0003558101378637879 0.001906286939161705 -0.0005910744570959206 0.9999980083485628 -1.4965522485603913
0.9999977074218774 0.0013992322644754696 -0.0016208948327220835 -0.002720574316319002 -0.001401140143445695 0.999998326306852 -0.001176515955331997 0.005817177601764478 0.0016192459007574045 0.001178784358895596 0.9999979942530628 -1.5366638247377207
0.9999989967036353 1.7705205911232313e-05 -0.0014164315188794872 -0.004670101150947126 -1.4826971048348403e-05 0.9999979353410346 0.002032017182024784 0.003873712933358142 0.001416464571714178 -0.0020319941419202157 0.999996932309257 -1.5668656535113712
0.999994473373843 0.002772657814660129 -0.0018345545543820424 0.0024905427171497685 -0.002771242372709426 0.999995860841419 0.0007736379914433655 -4.425786608719395e-05 0.0018366919942926774 -0.0007685497205192071 0.9999980179449582 -0.5470125453363046
0.9999993539247262 0.001114210301959559 0.00022513447842432283 0.0004569580192317346 -0.0011143528807449066 0.9999991780194387 0.0006341751371766458 0.0017872308326094544 -0.00022442768889705152 -0.0006344256067063458 0.999999773568156 -0.5185932411091532
0.9999970126982535 0.0020381454730545867 0.0013492804005017253 0.021241205217247705 -0.0020383270990080894 0.9999979137316221 0.00013324804377786575 -0.004104227131230598 -0.0013490060066433866 -0.00013599792053025847 0.9999990808432572 -0.48454228619575446
0.9999987484109762 0.001167057712638581 -0.0010682475258215712 -0.006623652458963569 -0.0011671077786761797 0.9999993178601715 -4.624526962456951e-05 0.01722690378505054 0.0010681928262292056 4.749197174142364e-05 0.9999994283541365 -1.7106808638513105
0.9999975611826685 -0.0019264466990155382 -0.0010800147361359168 -0.0078759892482001 0.001925468977872713 0.9999977362308644 -0.0009055950319311057 0.005778873844842547 0.001081756871791486 0.0009035132884802344 0.9999990067324107 -2.0320667160140626
0.9999682217623327 0.00046624491733607276 0.007958522548551457 -0.016417143936534373 -0.0004614223101526427 0.9999997088384934 -0.0006077930406237393 0.007081836505424044 -0.007958803611752404 0.0006041014861722822 0.9999681457458853 -1.8652281467006393
0.9999998066037414 -0.00015754126926314886 -0.0006016421091033057 -0.005613324116157781 0.00015800228667394584 0.9999996939139161 0.0007662945593634798 0.003741603012136663 0.0006015212019308598 -0.0007663894719939571 0.999999525409598 -1.8658995036181878
0.9999962138848246 0.0022715211501946287 0.001553192737773313 -0.030109566767599905 -0.0022729258723695237 0.9999970089753698 0.0009032432082267828 -0.0007622382475549472 -0.0015511363560841817 -0.0009067700804024272 0.9999983858707107 -1.8562101272366647
0.9999989433120324 0.00031998709068072236 0.0014180913512599497 -0.008300943635694225 -0.0003205933263312286 0.9999998573196835 0.00042729443257999433 0.005545076186094677 -0.001417954420223989 -0.0004277486116864987 0.9999989032175923 -1.8467780748365428
0.9999988308431764 0.0006344703623466889 0.001391315794042354 -0.0056695186350894655 -0.0006331161395283363 0.9999993256681662 -0.0009735641560668709 0.0035610290467888994 -0.0013919325534366312 0.0009726821533333138 0.999998558205558 -1.84890029033442
0.9999997976294659 -0.0002464941746199642 -0.0005864994885317843 -0.005551115548995789 0.0002465084117045241 0.9999999693239202 2.4202510376936104e-05 0.007000603306948516 0.0005864935047624623 -2.434708253637452e-05 0.9999998277162798 -1.8699786692310276
0.9999990924502086 -0.0006389507848136647 0.001186103137587713 -0.010081787116946295 0.0006380130567582923 0.9999994837826254 0.0007908058049179156 0.000554601028865731 -0.0011866078112905895 -0.0007900483379337797 0.9999989838922465 -1.868377051838097
0.9999998746052453 -0.0004990358071230161 4.186595348702532e-05 -0.008042887867435233 0.0004989742266670316 0.9999988122899149 0.001458233000009284 0.003780172076945476 -4.259361424452444e-05 -0.0014582119271227597 0.9999989359013137 -1.843556005751271
0.9999870317081512 0.004679020327391474 -0.0020107670916976695 0.012919400941915793 -0.0046679041673603205 0.9999739915333321 0.005497902107168806 -0.0031349855090512246 0.0020364395904465364 -0.005488444740682809 0.9999828647972538 -1.7171470900235732
0.9999992578214335 0.0003885664388852683 -0.001154717586546485 0.0005384439032720678 -0.0003879834074857341 0.9999997971746105 0.0005050936680730776 -0.005640143045319013 0.0011549136147884897 -0.0005046452819394628 0.9999992057535259 -1.0531333107381187
0.9999991205234527 0.0007233149854228571 -0.0011116509130260897 -0.003737330870701605 -0.0007239467108991482 0.9999995766500996 -0.000567979560949056 0.003097187109348365 0.0011112396142810585 0.0005687838374464978 0.9999992208154294 -1.785565511380117
0.9999982736800157 -0.001798550281927977 -0.00046674818909267415 -0.011559335433371842 0.001797853147089884 0.9999972741875425 -0.0014897454633318735 0.002333574323397869 0.0004694262989472231 0.0014889037468538008 0.9999987814015487 -1.7769616112210542
0.9999992291374973 -0.0008122571145984525 -0.0009391287397276486 -0.008382145243497341 0.0008112481553213535 0.9999990939431262 -0.001074238966315881 0.005258328239706955 0.0009400004470667765 0.0010734762717676451 0.9999989820234085 -1.7564893946540554
0.9999995303462362 0.0006399186527230993 0.0007278814637623921 -0.0038367085408310686 -0.0006439368307278367 0.9999844821813273 0.0055336011693238474 -0.004473183129644065 -0.0007243291140248265 -0.00553406728013015 0.9999844246020407 -1.202051718560341
0.9999993403854744 0.0009567144928158133 0.0006355517243757536 -0.004585740119646964 -0.0009574907323497001 0.9999987947383461 0.001222183845350771 0.00032712224314246363 -0.0006343816773719891 -0.0012227915740665564 0.9999990511698766 -1.1618580391995508
0.9999948486093209 -0.0025251768614040354 0.001981473350872811 -0.019650756907680922 0.0025234494771582405 0.9999964343458155 0.0008737839506118839 0.0037883474789239813 -0.001983672744637951 -0.00086877930151813 0.9999976551297348 -1.5654264001616127
0.9999999331564743 -4.376442972775507e-05 -0.00036300374821707053 -0.009678043867183295 4.3784232272442436e-05 0.9999999975539391 5.454413387710744e-05 -0.0022242047711276136 0.0003630013602363112 -5.456002407160099e-05 0.9999999326266057 -1.5752111331897805
0.9999848659035189 -0.0054890717375258545 0.0003715580460610094 -0.015257707706277657 0.005487598666529592 0.9999775091416901 0.0038558360515410584 0.00343665505881674 -0.0003927146500966951 -0.003853738735508138 0.9999924972083347 -1.5996398666373306
0.99999397321343 -0.0008845240998394434 -0.0033572539277829452 -0.013298012765736722 0.000875659723703185 0.9999961293805073 -0.0026409172749559864 0.01024577944041738 0.0033595768881056563 0.002637961546664416 0.9999908771593923 -1.6608903129586299
0.9999932928349814 0.002926707250919154 -0.00220196950923399 -0.0006916276264963273 -0.0029306638085620507 0.9999940932268383 -0.0017957508386714366 0.0011976858445932326 0.002196700865699311 0.0018021920266225247 0.9999959632964557 -1.6500607648504957
0.9999867963987001 -0.000279829944662191 -0.0051311522553932065 -0.005957153796804171 0.0002867900907881915 0.9999990398281369 0.001355763345630312 -0.004102339719432413 0.0051307679454236504 -0.0013572170082928048 0.9999859164919693 -0.08911713603464655
0.9999974938677326 -0.0006554285974760404 -0.0021407175452445174 -0.004748125337950881 0.000660860120261314 0.9999965621147164 0.002537522936072947 -0.001947270970459769 0.002139047020604026 -0.002538931291559252 0.9999944891376855 -0.6513481263317082
0.9999987973336723 0.0011628747913185328 0.0010261839158743156 -0.0004741864031293508 -0.0011624776337227638 0.9999992492307411 -0.0003875354230655258 0.008245155292554651 -0.0010266338006212111 0.00038634204113943173 0.9999993983812524 -1.1509568399245858
0.999988006281672 0.00040556654379888743 -0.004880861459371696 0.01462836455763572 -0.0004056688271128067 0.9999999175170772 -1.9966001782724743e-05 -0.0010225411935174122 0.004880852959241183 2.194577565963786e-05 0.9999880883254428 -0.47052996976076145
0.9999462383656491 -0.0002998132624630629 -0.010364868083906477 -0.010526607904932206 0.0003063374883059255 0.9999997559658461 0.0006278738668785006 0.0006935349334011853 0.01036467730961219 -0.0006310152590087437 0.9999460861886558 -0.3364282258649798
0.9999962341221749 0.002710782995159469 -0.00042824878446161453 0.0032647470933251377 -0.002710961516207161 0.9999962384615027 -0.0004168339033404989 0.0039693480027198635 0.0004271172273302565 0.00041799329956898525 0.9999998214262221 -0.5553292411737996
0.9999922530382401 0.0034514355202656666 -0.0018924736074948088 0.01132004587018165 -0.003444031472413983 0.999986457347356 0.003901764870163499 0.0031061416408573184 0.0019059146682470877 -0.003895216904675364 0.9999905973430672 -1.4341178740296723
0.999998293508438 -0.0018059190481649265 0.00038940544841795555 -0.0037844306702341513 0.0018057464012870492 0.9999982714001274 0.0004432569142319917 0.0009218887616704308 -0.00039020526139655807 -0.0004425529903307121 0.9999998259433375 -0.004151919576884211
0.9999999999999997 -8.465450562766819e-16 -3.0113715340784886e-17 -1.1102230246251565e-15 8.534839501805891e-16 1.0000000000000002 7.719519468096792e-17 -2.220446049250313e-16 -1.9651164376299768e-17 -7.827939685345342e-17 1.0 0.0
0.9999997210258174 0.0001581334060503977 -0.0007300288445641521 -0.0032418180322384416 -0.00015894672662105334 0.9999993666801609 -0.001114170191669761 0.01202895825560879 0.000729852194695349 0.0011142859165403085 0.9999991128409421 0.00932258575045708
0.9999998222426372 -0.0004754145745853866 0.00035985507670846273 -0.02887737932479606 0.0004750066622490126 0.9999992455841333 0.0011327841078337232 -0.03954549471284996 -0.00036039334730287556 -0.0011326129729141241 0.9999992936519948 0.0006685148894440829
0.9999996761749493 6.830590405311476e-05 0.0008018630178430433 -0.0418588811464643 -6.828497696655805e-05 0.999999997327312 -2.612543026030839e-05 0.0011562444574653163 -0.000801864800221129 2.607066660253836e-05 0.9999996781665297 0.016718265313560465
0.9999997959726131 0.000620460501624745 0.00015193254371410913 -0.012772826731690001 -0.0006204114674084257 0.9999997555185943 -0.0003225714846441935 0.0023562313235752086 -0.00015213264943475416 0.00032247715813835814 0.9999999364320674 0.004562866121160525
1.0000000000000007 -1.3877787807814457e-17 2.1467203015212988e-17 1.7763568394002505e-15 -1.3877787807814457e-17 1.0000000000000004 -3.469446951953614e-18 6.661338147750939e-16 4.954803928258755e-17 5.204170427930421e-18 1.0000000000000009 -1.0658141036401503e-14
1.0 3.469446951953614e-18 -1.9030458632551817e-16 3.4139358007223564e-15 1.3877787807814457e-17 1.0000000000000002 7.806255641895632e-18 2.220446049250313e-16 -2.382534274036896e-17 -8.673617379884035e-19 1.0 0.0
0.9999997207102509 0.000367397601232583 -0.0006508443927180533 -0.00098051971494173 -0.0003671488271653478 0.9999998595199939 0.0003823110392223528 -0.0036575858829870356 0.0006509847614464764 -0.00038207197569135507 0.9999997151198826 -0.007253192102966821
0.9999834115074283 0.0002857881836156109 0.005752828441630855 0.002225431405955547 -0.0002782242258075676 0.9999990959178712 -0.001315581514247488 -0.0004369498067489097 -0.005753199218252502 0.0013139591144941398 0.9999825869534934 -0.37997396695540964
0.9999982049933366 -0.00030871295276661825 -0.00186941338891843 -0.028619551341536376 0.00030893998054115634 0.9999999449386823 0.00012115577257955368 0.003050744918905113 0.0018693758836299521 -0.00012173309164015267 0.9999982453058909 -2.0636654476524257
0.9999886111997673 0.003538282610684368 -0.0032028154688022795 -0.0022531160693484154 -0.0035334802590691328 0.9999926264724877 0.0015038344040719243 0.005628316926706178 0.003208112843875531 -0.0014925001919698921 0.9999937402079866 -2.0182188798645484
0.9999979820846674 0.000356158168553139 -0.0019771135405770857 -0.004672365481103391 -0.0003539228542186884 0.9999992979812807 0.001130829588281479 -0.015272635256097233 0.001977514906801439 -0.0011301275606956929 0.9999974061198809 -2.0223265898632725
0.9999969420970669 0.001474770560062115 -0.0019851569991155924 -0.030663548005724905 -0.0014774810263617905 0.9999979774660179 -0.0013645928664032525 0.008584991847566004 0.001983140522682321 0.0013675217254112797 0.9999970985147897 -2.052452563325801
0.9999906726943892 0.002703245618733502 -0.003368528959060868 -0.0018495823788633459 -0.0026982744234578873 0.9999952652630277 0.0014794480942233595 0.009141800090344487 0.0033725123215409816 -0.0014703450794240208 0.9999932321000925 -2.0477234777781277
0.9999903806483581 -0.0036797058858259674 0.0023871270065790075 -0.0022764414655078724 0.0036765441593587566 0.9999923603155393 0.001327529133430139 0.005756367689613073 -0.002391993686447653 -0.0013187399856069018 0.9999962696385697 -1.6327923756014577
0.9999945682164351 -0.0003638628181968119 -0.003275842101799315 -0.005942524960195428 0.0003677800894134574 0.9999992180179916 0.0011952829004823473 0.009021697965726938 0.003275404621145743 -0.001196481197465446 0.9999939200601734 -1.3638176221899787
0.9999968817371104 -0.0024335722024205163 -0.0005605732693595826 -0.0019082013918065854 0.0024344380722337473 0.9999958368198713 0.0015491462798310589 0.012753266691187592 0.0005568009762682818 -0.0015505061300949557 0.9999986429507858 -1.4996238239667434
0.9999737681683588 0.007204071997835904 -0.000751213567444374 0.012583789791139048 -0.007203961649494647 0.9999740399567861 0.0001494960086544997 0.003404619917949603 0.0007522710459174902 -0.00014408037336991614 0.9999997066645171 -1.5479587862737958
0.9999990456349861 0.0013801220249766225 -6.318475498677794e-05 0.0006132995313485878 -0.0013802264788919036 0.9999976294169131 -0.0016840829615269587 -0.0004220334522553326 6.086036521462095e-05 0.0016841685635690523 0.9999985799351245 -1.5284033109093969
0.9999983677938451 -0.0012239435088231762 0.0013290492587889318 -0.009795392235559676 0.001227334647446253 0.9999959860189546 -0.0025537414987044996 0.0014955013774184955 -0.0013259182886802602 0.0025553685186753897 0.9999958560076264 -1.4109953528758652
0.9999957636921144 -0.0023418431917494355 0.0017286897612306582 -0.009469964683868737 0.0023428345600965753 0.9999970921512814 -0.0005716775366515496 0.005566579684027406 -0.0017273459553152706 0.0005757251489657889 0.9999983424068781 -1.3833028548582362
0.9999969647669056 0.00020376976258890123 0.0024553889428500226 -0.007395611233762089 -0.00020396315760853878 0.9999999761173424 7.851334958617652e-05 0.0015224054347275917 -0.0024553728855623105 -7.901392016182451e-05 0.9999969824458442 -1.4958931279119856
0.9999999999486868 8.578719442244032e-06 -5.388125747480228e-06 0.0001369574666467699 -8.578647228366792e-06 0.9999999998733927 1.3402292172836304e-05 -0.00017240344768398863 5.388240721309419e-06 -1.3402245949319103e-05 0.9999999998956731 9.366657895526487e-05
0.9999999999999998 6.938893903907228e-18 1.7737547541862853e-16 -7.105427357601002e-15 0.0 0.9999999999999999 -5.204170427930421e-18 0.0 1.7748389563587708e-16 3.469446951953614e-18 1.0 3.552713678800501e-15
1.0000000000000002 0.0 1.2202695451324352e-16 -8.881784197001252e-16 -6.938893903907228e-18 1.0 -2.6020852139652106e-18 0.0 1.2205405956755566e-16 0.0 0.9999999999999998 3.552713678800501e-15
0.9999996868898635 4.583444392191466e-05 -0.0007900122656553874 -0.0003963558792126065 -4.688671160682327e-05 0.9999991117928467 -0.001331996679568182 0.007702424171107003 0.0007899505126337252 0.0013320333035837842 0.999998800832014 -0.2549131783293337
0.9999966424384542 0.002065277062159851 0.001565165318657224 0.0010551398615918917 -0.0020670955131311276 0.9999971894763062 0.0011611010411046938 0.005610573655504325 -0.0015627629243760849 -0.0011643324888439832 0.9999981010491457 -0.6855580259564755
0.9999992833910689 0.0006483951659178883 -0.0010063801753662322 -0.0028292248750438898 -0.0006486964626289168 0.9999997448692921 -0.0002990890343856911 0.005064294529132374 0.0010061859907237933 0.0002997416553155857 0.9999994488721939 -0.983746822700855
0.9999995496730061 -0.0009124440098602915 0.00026095922035832 -0.002597871248838146 0.0009124930105655071 0.9999995660598628 -0.00018771412310880642 0.0008814884402058576 -0.00026078782849045523 0.00018795216204070542 0.9999999483318456 -0.3734787392392178
0.9999998114302515 -0.00022296157374978968 0.000572212895368656 -0.018069338893181852 0.00022265502169560895 0.9999998317044501 0.000535738567275704 0.0003001026466680212 -0.0005723322481817186 -0.0005356110601769846 0.9999996927782479 -0.48738800313192066
0.9999995075080003 0.0009920871090697558 -2.7329919215048895e-05 0.009288377597410857 -0.0009920577756056398 0.9999989533042523 0.0010531912312003802 -0.002793623052437577 2.8374748052913297e-05 -0.0010531635996532708 0.9999994450204988 -1.0368408302045111
0.9999986036016618 0.0014172829718489058 -0.0008854963043769687 0.00948834065516424 -0.0014170740667559384 0.9999989679835246 0.00023650153302063118 -0.006627749951255479 0.0008858305801258587 -0.00023524638892114848 0.9999995799815723 -0.9664526230578208
0.9999998786138172 5.852825035658482e-06 0.0004926845811147333 -0.0019758474893660782 -5.842463199578346e-06 0.9999999997617436 -2.103281540018903e-05 -0.002383997216357292 -0.0004926847040982031 2.1029934355550062e-05 0.9999998784097549 -0.13890708190599454
0.9999992865623231 -0.0005855825244296363 0.0010411378158229358 -0.002912976888473695 0.0005845062316093552 0.9999992948359192 0.0010337698630756096 0.0049719578005722465 -0.0010417424392161843 -0.0010331605740039346 0.9999989236753798 -0.5301759570527196
0.9999996826961236 -0.000597202473300959 0.0005272161411003058 -0.0042670569010487824 0.0005972853946819914 0.999999809278865 -0.0001571381313010406 0.006165716213295536 -0.0005271221972678091 0.00015745297994140817 0.9999998486753636 -0.6770630257286854
0.9999999633729738 -0.00019049051087881644 -0.00019226912584730852 -0.0040148703762934446 0.00019042991878787802 0.9999999322206877 -0.00031511119766697553 0.0031864644973926826 0.00019232913850841706 0.00031507457233136745 0.9999999318687562 -0.7466197433107098
0.9999948221242968 0.0010813229334303135 -0.0030309182287750792 -0.0012346479431482038 -0.001080070849402667 0.9999993307309679 0.0004147102328352914 0.0027237089083909094 0.0030313646359608312 -0.0004114344790914562 0.9999953207641086 -0.7817325887203204
0.9999759229394549 0.0016376583023201483 -0.006743264541028899 -0.0016410708682288444 -0.0016466778273348526 0.9999977568106738 -0.0013322258641800008 0.0022479698825297323 0.006741067683862797 0.0013432977723007752 0.9999763764997531 -0.75615460409308
0.9999994810803506 -8.901698754429366e-05 -0.001014847281860274 -0.006082452791341897 9.019192818034844e-05 0.9999993257235036 0.0011577642044514613 0.015485245051484076 0.001014743536890638 -0.0011578551346977939 0.999998814832818 -1.2812341103278655
0.9999946430312349 -0.00017234796796219368 0.0032686702205505357 -0.008580393523310414 0.00017686743512066068 0.999999028810888 -0.0013824236655002632 0.0036599636557599347 -0.003268428788143981 0.0013829943812180313 0.999993702330069 -1.7543325320440548
0.9999418777808996 0.0005032410475618934 0.010769763621139615 0.004924719856023441 -0.0005155022688449543 0.9999992221758086 0.0011357399299210553 -0.00347012508124922 -0.010769183693204804 -0.0011412257557776272 0.9999413594238193 -0.5203853698443872
0.999976289685805 -0.002240055099059224 0.006511698654282057 -0.006330434333155166 0.0022274891306057476 0.9999956443816772 0.0019363651122546732 0.0004191072107162519 -0.006516007856351978 -0.001921814462455096 0.9999769238691404 -0.8951580805826014
0.9999991570092385 -0.0012944125676784407 -0.00010235681368634623 -0.015872230163505918 0.0012942715758380435 0.999998229822584 -0.0013657279331701494 0.01558469219735914 0.00010412444789729795 0.0013655943043595561 0.9999990621547079 -1.0764074233122418
0.9989645246512987 0.0004696024103368751 0.045493493620302444 0.021274123372331033 -0.0003955022804015551 0.9999985806024595 -0.0016377945573132213 0.003325800320667094 -0.04549419815922104 0.0016181058809523752 0.9989632924523333 -0.29518923554137544
0.999996026868743 -0.0010716482920652137 -0.002607262293054093 -0.003600989231268059 0.0010706057217233084 0.9999993464069192 -0.0004012344978732603 0.0014232746275864017 0.0026076905712291874 0.0003984415537869358 0.9999965205910533 -0.7386836062958899
0.9999992525545074 1.4673918762010088e-05 0.0012225690590104074 -0.0021108961056265363 -1.326224459143708e-05 0.9999993332705281 -0.0011546785757787347 0.00020432892924571178 -0.001222585187547174 0.0011546614987095385 0.9999985860201417 -0.36998047815316326
0.9999998065493246 0.0004071927969775853 -0.0004702077635986184 -0.0023405893337282713 -0.00040712048113543745 0.9999999052867741 0.0001538809840142749 -0.0037006385619566817 0.00047027037829185743 -0.00015368952303493333 0.999999877612644 -0.22670970091561315
0.9999999383036713 0.0001951028353161348 -0.00029210877925298274 0.0010983899591927582 -0.00019508451459559172 0.9999999790024853 6.274600831656426e-05 -0.001398132558913412 0.000292121015043439 -6.268901854595502e-05 0.9999999553676995 -0.08251477176853683
0.9999999396931707 -2.606849064795344e-05 -0.0003463150150888577 0.002036816084076243 2.608995508804335e-05 0.9999999977391977 6.197515178386708e-05 0.0005326225953001806 0.00034631339870715486 -6.198418338953095e-05 0.9999999381124943 -0.04834885378620868
0.9999999742883264 -8.095081057931525e-05 -0.00021182613658048632 -0.0005494372738277242 8.097254803550447e-05 0.9999999914570333 0.00010261276605438158 -0.00119126517880086 0.00021181782818465236 -0.00010262991551807446 0.9999999723001536 -0.07059768110860887
0.9997374577834756 0.000690591326243134 -0.022902807431702598 -0.04260885192934377 -0.000696717172665548 0.9999997236242285 -0.0002594930613637955 0.015554512791069008 0.02290262189826363 0.00027538171272017617 0.9997376626271006 -0.24556386876846759
0.9999822749787411 0.0003933230901035645 0.00594096164680415 0.0054745659759358745 -0.00038643143775438094 0.9999992512278458 -0.0011611263891875973 0.0060630588933416885 -0.00594141389619662 0.0011588100338469076 0.9999816782122662 -0.2502618583122178
0.9999999991750602 -5.758626773655351e-06 4.020844104354101e-05 -0.007764174720558459 5.736499272893103e-06 0.9999998485694704 0.0005502982188588385 0.0010844120858692907 -4.021160391679988e-05 -0.0005502979877491862 0.9999998477775646 -1.2199737920272113
0.9999933020628287 -0.0023817351938583697 0.0027790586441091714 -0.006483764145968074 0.0023813477047562315 0.9999971544012352 0.00014273241681266036 -0.001823557135973819 -0.0027793906868437065 -0.0001361135558764076 0.9999961282227603 -0.9104762105899233
0.9999997692439646 0.0004538806344758558 -0.0005054744169020752 0.0007079317372984395 -0.000453843495815091 0.9999998943056465 7.358515886956457e-05 0.0044071622004624444 0.0005055077623551238 -7.335573561293438e-05 0.9999998695404103 -0.3401419785142483
0.9999412536549849 0.010388592217957335 -0.0030929582322313 0.03427803706861443 -0.010381682797510262 0.9999435962280466 0.0022416567116573787 0.0011894643742917932 0.003116071435190577 -0.0022094149112458165 0.9999927042656668 -1.215054518877956
0.9999979401646063 -0.0012183077618128924 -0.0016233892764392264 0.009313999095807102 0.00121228103205313 0.9999923895497808 -0.0037082633696801934 0.012140336436759824 0.0016278947277617516 0.003706287727240601 0.9999918066614539 -1.7316778328655307
0.9999972751342371 0.001938540961911879 -0.0013006856039405252 -0.0012709330727815882 -0.0019403590843413698 0.9999971402752637 -0.0013980157076211464 0.0007695127888587283 0.0012979717736230326 0.0014005356953434907 0.9999981768828587 -1.7544835964193695
0.9999980318983477 0.0001831906284750079 0.001975510218802658 -0.012455445342958615 -0.0001821957504720348 0.9999998565083213 -0.0005037738033094319 0.011304892045004289 -0.001975602221973052 0.0005034128822645131 0.9999979217835057 -1.8013605724963773
0.9999928460245293 -0.003781685914748714 -8.216693656051431e-05 -0.008103688228372263 0.0037814375386215 0.9999888240526897 -0.002837692700203221 -0.003564609253400075 9.289728078208827e-05 0.0028373616902808985 0.9999959703662479 -0.9079542323861327
0.9999959199729923 -0.002549505163389705 0.0012884334635423881 0.0011798637519708777 0.00255218658651591 0.9999945720278648 -0.002083808636602725 0.0006607833034124599 -0.0012831137890827063 0.002087088457210475 0.9999969988358841 -0.7350319855621397
0.9999970309472743 0.0005017937824819269 -0.00238459632569524 2.084858507611642e-05 -0.0005004794133547028 0.9999997225426781 0.000551756218211668 -0.00022158219407286683 0.002384872531911256 -0.000550561138648202 0.9999970046282332 -0.4363915263210423
0.9999911077891069 -0.003881961763888886 -0.0016476393956568079 -0.008068159379476914 0.003884801642242877 0.9999909681708011 0.0017239179286251613 0.0005587365447159431 0.0016409323309760668 -0.001730303351413439 0.9999971566916571 -0.47220853769453797
0.9999533013969981 -0.0016477870848834175 0.009522595390259231 -0.013075163030881964 0.001644465630469022 0.9999985842776837 0.00035661662746019895 -0.005293060320168075 -0.009523169537181127 -0.0003409403931296934 0.9999545954700213 -0.5023973517680282
0.9999994959729039 -0.0007972540034108869 0.0006102786179827402 -0.0051194615925154174 0.000798116857100302 0.9999986804860596 -0.0014149330801552784 0.005118388103399929 -0.0006091497516486633 0.0014154194406432036 0.9999988127614888 -0.4049677828221441
1.0000000000000004 -2.7755575615628914e-17 1.5178830414797062e-17 4.440892098500626e-16 -3.469446951953614e-17 0.9999999999999998 1.3877787807814457e-17 -4.440892098500626e-16 -1.2576745200831851e-17 6.938893903907228e-18 1.0000000000000004 -3.552713678800501e-15
1.0000000000000004 0.0 2.7755575615628914e-17 -1.3322676295501878e-15 0.0 1.0000000000000002 2.7755575615628914e-17 -1.1102230246251565e-16 -3.122502256758253e-17 2.7755575615628914e-17 1.0000000000000002 -3.552713678800501e-15
